 5 
 500 5 0 
 821 931 653 828 722 793 432 
 856 681 1063 789 370 278 939 
 929 549 596 818 687 775 703 
 907 466 707 491 1088 924 661 
 837 867 417 837 552 1199 938 
 836 876 866 865 543 573 608 
 816 777 755 815 641 492 776 
 1067 705 683 478 616 505 711 
 994 522 402 693 647 754 1004 
 251 961 821 927 612 519 884 
 707 907 926 963 570 897 389 
 1090 523 1177 641 1041 899 900 
 706 598 455 813 695 661 475 
 390 774 932 1067 708 452 531 
 941 1062 855 625 641 942 379 
 1324 1089 399 601 826 927 1013 
 645 447 845 832 878 954 513 
 741 431 581 399 596 895 828 
 346 796 494 470 580 978 834 
 701 1093 392 925 798 427 921 
 681 699 710 747 952 705 797 
 978 984 770 664 703 919 835 
 619 780 1124 781 821 820 495 
 735 1111 1018 601 675 735 691 
 972 836 643 1016 929 914 521 
 725 778 1018 184 755 345 826 
 789 691 752 829 577 880 605 
 562 643 927 642 834 757 769 
 963 1104 582 707 852 635 580 
 588 673 925 1010 835 715 834 
 869 859 860 704 761 620 718 
 726 820 965 1051 473 647 1085 
 822 611 694 722 746 772 400 
 932 731 359 722 789 615 990 
 909 393 746 1061 222 785 943 
 684 717 946 336 735 598 767 
 711 1051 817 736 522 955 796 
 525 516 451 625 773 821 645 
 610 700 938 959 671 666 368 
 904 572 483 712 920 1205 656 
 843 708 775 769 547 805 1086 
 706 824 388 681 571 547 869 
 510 695 577 684 830 393 912 
 776 608 623 527 795 918 1025 
 655 617 841 538 701 659 583 
 937 837 649 810 466 926 494 
 830 362 1002 718 920 388 503 
 687 1028 927 842 612 563 597 
 477 784 691 867 923 586 724 
 1062 714 975 942 1076 874 805 
 496 797 891 555 805 555 683 
 638 819 726 838 989 508 711 
 727 692 919 473 801 623 843 
 516 795 508 920 427 768 793 
 750 1193 619 753 706 516 588 
 885 925 907 587 893 757 534 
 860 708 853 992 819 700 434 
 505 732 964 415 798 703 829 
 554 611 516 739 678 558 553 
 910 1200 699 886 719 916 656 
 573 580 714 880 835 755 671 
 912 1142 799 330 967 410 632 
 890 1212 1128 668 882 622 507 
 815 833 1048 718 1151 957 638 
 620 930 667 717 828 753 857 
 841 723 999 945 1060 994 470 
 823 646 805 715 701 719 450 
 447 834 544 969 593 954 715 
 815 993 952 879 786 655 581 
 1076 643 695 548 780 894 467 
 857 916 703 684 981 805 1037 
 888 580 819 
 220 184 786 691 258 534 373 
 771 667 86 758 495 266 570 
 427 426 352 991 300 631 654 
 154 371 897 42 527 459 990 
 173 201 101 811 546 704 683 
 350 511 981 37 309 185 695 
 853 434 881 508 579 491 864 
 606 87 195 419 363 322 835 
 119 139 51 149 812 751 162 
 214 537 470 174 466 267 278 
 88 364 605 421 164 948 486 
 277 554 935 173 913 561 629 
 909 90 86 605 344 943 135 
 24 493 809 762 104 353 618 
 948 911 767 297 323 672 120 
 934 787 478 25 269 1 653 
 542 389 569 52 810 126 199 
 768 164 36 351 527 456 301 
 366 49 595 436 781 591 147 
 748 481 848 362 292 907 567 
 34 20 967 118 981 667 511 
 617 171 335 598 531 930 969 
 356 993 765 533 605 265 373 
 205 160 904 64 880 927 693 
 243 542 723 184 640 67 669 
 754 937 908 37 276 96 653 
 618 447 44 518 894 559 148 
 113 279 543 776 892 197 514 
 604 782 503 46 579 188 220 
 97 101 553 722 793 369 887 
 648 637 817 552 764 252 576 
 379 956 625 852 183 589 860 
 636 153 253 119 144 381 145 
 469 2 118 165 338 960 694 
 447 650 678 372 98 179 694 
 880 243 258 112 704 854 319 
 791 496 438 71 688 100 471 
 605 724 141 260 96 280 212 
 878 898 961 10 259 854 777 
 819 922 39 375 254 360 192 
 442 334 917 568 700 645 827 
 377 718 765 779 197 439 598 
 120 479 461 39 1000 106 599 
 861 814 581 552 373 209 457 
 404 897 890 431 335 795 24 
 28 906 221 227 394 485 637 
 426 78 515 665 470 284 568 
 622 883 714 36 144 633 886 
 332 864 830 328 685 337 10 
 927 71 841 840 853 635 192 
 743 618 653 426 676 697 999 
 485 917 821 835 905 734 41 
 22 362 171 170 189 582 210 
 653 945 406 527 351 603 375 
 580 225 397 831 414 656 469 
 998 344 998 299 345 6 282 
 469 288 777 368 903 554 517 
 784 707 502 788 624 42 545 
 721 417 393 62 476 593 602 
 248 448 301 551 440 262 725 
 182 304 680 741 189 859 21 
 543 613 139 230 890 142 824 
 325 464 887 497 969 18 114 
 412 81 900 16 325 918 153 
 329 761 583 349 546 791 819 
 612 389 699 793 373 217 530 
 967 598 262 901 828 662 287 
 541 118 701 182 3 194 820 
 464 85 368 763 909 959 474 
 607 573 7 704 32 971 503 
 133 931 371 520 855 364 811 
 307 393 202 
 876 335 649 584 220 490 168 
 591 898 552 740 260 369 188 
 888 730 345 993 783 712 48 
 959 474 321 788 670 655 294 
 973 540 597 563 180 839 209 
 972 598 825 442 413 398 126 
 381 188 70 55 864 215 300 
 860 902 477 245 211 192 374 
 610 915 294 834 444 87 871 
 26 16 547 382 280 659 576 
 169 751 333 975 32 739 45 
 856 155 822 935 792 848 567 
 856 91 286 188 38 495 636 
 385 896 820 896 599 97 333 
 385 573 723 535 588 869 733 
 876 912 448 68 343 368 575 
 411 45 802 638 458 584 468 
 888 864 418 178 154 976 371 
 367 786 493 67 370 259 549 
 487 492 223 454 676 330 499 
 892 492 359 993 406 947 887 
 385 835 432 307 333 8 604 
 583 302 774 757 837 122 565 
 767 888 162 179 63 384 836 
 946 759 304 726 245 664 305 
 861 801 131 84 993 211 533 
 850 409 981 206 220 333 656 
 216 105 872 105 216 427 753 
 859 191 160 461 16 117 17 
 71 831 210 397 459 996 299 
 851 686 90 238 234 501 121 
 519 320 863 432 446 756 867 
 193 807 876 849 279 415 429 
 346 600 46 286 359 98 402 
 612 99 519 765 276 639 416 
 356 610 720 427 839 52 459 
 652 830 157 132 37 698 522 
 146 173 39 118 771 690 683 
 863 830 702 968 477 52 258 
 608 614 373 645 381 914 516 
 955 606 751 498 78 441 996 
 723 973 195 822 523 951 752 
 940 511 405 163 666 67 507 
 92 841 158 461 749 289 55 
 673 499 867 527 352 260 153 
 771 980 37 746 728 393 369 
 935 205 995 232 158 606 227 
 302 18 303 656 647 31 987 
 200 714 894 735 140 348 277 
 889 396 850 931 488 303 836 
 894 194 48 596 885 296 202 
 81 53 594 458 380 404 649 
 967 423 927 601 674 265 652 
 107 661 258 662 76 453 263 
 156 663 39 276 713 970 820 
 396 633 547 676 355 456 41 
 764 589 250 867 767 438 498 
 97 909 841 28 444 830 245 
 401 214 253 922 301 496 84 
 415 562 400 412 522 538 591 
 729 796 983 244 935 354 612 
 595 591 163 191 834 56 114 
 45 969 213 315 115 303 114 
 558 541 837 614 605 49 555 
 655 868 665 172 185 373 35 
 531 588 241 713 585 953 222 
 543 366 858 364 735 19 356 
 94 983 233 717 272 917 876 
 245 812 567 308 207 100 709 
 217 308 439 332 725 932 124 
 713 471 875 232 569 346 653 
 711 763 42 
 9 964 730 994 335 705 172 
 685 105 997 60 27 82 489 
 767 232 874 873 841 915 69 
 642 941 67 287 728 142 625 
 135 276 657 133 206 999 870 
 538 830 802 450 754 762 273 
 23 575 426 611 102 366 867 
 403 850 916 160 579 588 997 
 931 933 381 81 593 90 183 
 270 649 654 931 83 195 882 
 296 681 528 743 736 314 437 
 347 451 958 247 53 895 114 
 493 488 551 839 456 297 423 
 91 212 185 976 74 555 682 
 759 107 14 265 190 947 459 
 431 496 169 676 183 645 382 
 181 463 370 82 948 759 893 
 743 22 420 27 295 462 433 
 369 516 580 449 453 355 695 
 647 779 447 50 818 150 495 
 368 145 452 735 119 266 144 
 967 997 858 78 46 997 892 
 897 596 944 546 565 978 124 
 781 963 66 310 28 343 654 
 543 302 867 978 255 96 577 
 689 180 781 411 103 240 320 
 507 427 494 227 594 395 618 
 541 233 493 99 493 953 746 
 219 713 99 456 688 277 294 
 499 210 204 587 563 995 480 
 611 164 101 753 444 216 599 
 391 693 124 36 505 143 669 
 321 553 175 392 909 845 198 
 389 143 286 167 505 1 477 
 755 94 406 595 38 11 131 
 302 856 618 376 274 19 174 
 110 598 303 297 422 617 167 
 271 462 872 888 332 74 561 
 7 638 916 996 520 593 227 
 510 239 543 940 485 879 492 
 331 755 19 738 112 284 816 
 282 402 334 246 909 85 82 
 426 350 163 94 582 104 675 
 608 723 558 19 834 771 918 
 567 360 50 36 247 99 622 
 504 370 635 490 408 613 502 
 518 99 577 67 628 82 528 
 261 978 839 53 305 603 59 
 551 94 53 793 803 54 304 
 635 116 328 539 424 108 491 
 534 338 7 379 638 129 796 
 260 85 586 498 895 606 276 
 420 615 105 120 565 505 210 
 855 874 767 281 17 138 620 
 802 945 910 69 91 153 119 
 444 511 550 260 627 949 796 
 913 51 583 647 271 138 268 
 111 550 278 228 753 58 540 
 486 557 256 606 228 12 647 
 120 938 45 391 561 897 411 
 315 978 845 760 821 937 887 
 912 462 778 372 510 202 770 
 571 703 765 947 895 744 392 
 374 416 368 625 700 18 549 
 774 123 266 24 663 960 564 
 712 14 753 278 526 672 280 
 330 214 961 566 558 113 225 
 406 579 250 440 700 983 486 
 202 9 211 386 427 136 716 
 964 833 758 531 690 492 619 
 995 747 711 227 453 766 243 
 403 989 958 
 567 404 82 322 506 281 864 
 334 332 480 566 156 23 834 
 823 72 250 394 105 454 231 
 576 134 20 441 971 990 287 
 904 776 217 943 975 501 349 
 393 972 803 780 912 93 151 
 995 570 139 440 714 916 392 
 966 814 806 719 423 808 132 
 392 472 820 81 312 797 913 
 35 994 561 955 471 127 876 
 234 715 927 672 112 222 165 
 794 301 95 868 873 819 496 
 116 343 913 57 146 762 295 
 332 578 106 998 700 294 288 
 949 979 540 795 747 504 328 
 922 472 350 166 728 817 475 
 414 355 984 389 94 747 359 
 340 648 178 632 799 256 728 
 479 432 372 459 706 990 217 
 312 694 303 921 693 488 74 
 951 763 742 413 286 956 571 
 228 532 496 917 716 202 127 
 215 195 873 909 77 455 84 
 385 379 920 679 636 395 631 
 458 546 283 395 766 874 106 
 768 940 292 247 638 56 607 
 64 722 472 89 363 575 700 
 587 903 795 413 986 679 601 
 654 661 795 505 516 879 838 
 193 140 956 496 426 120 820 
 841 123 264 89 370 158 947 
 384 564 412 987 153 13 666 
 633 486 558 976 614 205 85 
 741 493 398 611 228 809 363 
 277 772 161 299 355 834 734 
 869 187 552 9 100 939 754 
 188 919 552 620 679 181 833 
 638 703 307 10 346 454 878 
 458 675 485 671 603 685 65 
 793 493 805 480 331 882 695 
 331 470 775 601 273 653 447 
 403 311 208 255 290 113 695 
 329 665 518 935 98 287 319 
 838 410 79 119 974 286 410 
 800 547 143 412 480 492 65 
 760 416 348 643 557 880 470 
 977 54 708 786 355 234 167 
 721 723 1000 513 818 185 360 
 506 50 774 745 196 46 907 
 22 386 240 432 760 234 147 
 171 355 636 479 854 392 863 
 218 487 388 240 765 694 93 
 938 250 968 432 4 838 326 
 179 381 274 197 343 32 393 
 900 937 391 650 312 100 113 
 355 607 184 164 785 69 193 
 169 361 466 263 210 462 280 
 233 443 920 550 800 811 673 
 54 453 66 400 966 274 224 
 681 897 361 513 450 891 191 
 938 502 302 974 514 415 504 
 318 920 238 264 193 89 258 
 916 808 918 66 533 696 423 
 315 453 940 811 752 774 666 
 90 492 530 749 720 841 402 
 862 658 598 599 945 870 50 
 9 240 724 579 67 746 342 
 37 11 146 937 500 194 911 
 209 759 880 111 462 50 517 
 914 24 426 903 175 579 190 
 247 481 138 59 994 336 565 
 988 576 343 
 3 555 647 209 30 153 348 
 347 682 895 398 751 603 691 
 475 317 336 106 592 34 379 
 312 113 374 710 112 412 167 
 349 355 421 671 725 578 385 
 950 952 780 316 287 773 199 
 65 443 850 127 733 240 889 
 415 802 55 756 618 29 488 
 616 48 6 454 706 394 514 
 450 844 988 722 1000 845 189 
 361 116 700 239 401 2 131 
 838 18 840 892 115 423 349 
 996 838 225 798 793 94 840 
 412 397 656 630 815 440 120 
 401 256 911 794 148 401 190 
 967 476 46 734 913 459 928 
 527 117 127 829 516 539 336 
 393 226 231 227 290 238 997 
 17 710 32 766 255 342 244 
 549 580 55 411 560 148 917 
 771 974 119 422 651 557 601 
 598 325 593 695 544 569 60 
 567 296 637 577 788 33 654 
 870 899 913 765 244 657 638 
 274 648 57 991 482 487 463 
 123 936 492 85 98 485 945 
 505 100 991 942 506 437 898 
 396 526 790 545 369 198 587 
 986 745 548 358 205 17 626 
 374 699 755 354 246 958 200 
 908 191 725 377 435 93 868 
 156 247 987 917 527 912 102 
 920 885 335 313 547 219 124 
 766 530 442 831 736 614 850 
 360 352 573 883 341 309 597 
 443 23 899 552 206 539 407 
 413 113 329 736 205 964 278 
 238 448 675 890 831 627 619 
 433 173 11 453 450 649 77 
 964 49 382 13 838 741 541 
 371 980 384 500 236 602 330 
 342 102 373 548 304 745 655 
 517 401 310 700 975 351 265 
 546 223 761 510 787 639 832 
 477 26 460 692 397 127 638 
 792 57 514 866 214 988 33 
 449 416 390 849 846 667 373 
 526 554 660 650 723 216 119 
 120 153 576 348 853 311 756 
 368 909 677 636 540 675 209 
 57 760 984 390 532 46 391 
 408 884 542 582 624 49 525 
 492 343 668 340 899 548 339 
 113 828 534 838 1000 933 424 
 266 800 252 352 192 37 720 
 742 205 625 420 164 808 210 
 450 746 125 865 713 606 148 
 688 814 150 192 344 756 677 
 545 669 932 79 737 123 770 
 677 958 213 733 375 357 850 
 437 181 193 574 697 564 461 
 865 895 552 463 538 811 126 
 184 753 508 726 958 31 649 
 506 504 558 807 994 980 872 
 607 803 963 217 297 132 551 
 115 787 438 826 437 144 526 
 53 611 809 28 683 548 387 
 504 20 157 270 98 344 185 
 833 950 281 709 366 922 247 
 413 450 527 259 497 392 721 
 2 293 994 175 759 578 703 
 400 71 200 
 61202 61807 58959 62375 62163 
 500 5 0 
 818 770 863 489 860 708 462 
 616 859 646 803 860 740 698 
 504 823 1069 768 618 803 625 
 911 917 855 1166 438 555 759 
 614 792 755 518 833 603 968 
 1018 775 522 723 814 800 727 
 460 918 457 624 692 847 516 
 1091 530 693 538 668 585 512 
 535 725 441 657 757 652 947 
 435 682 695 903 970 673 1084 
 547 512 514 654 999 848 445 
 1169 601 866 916 1201 367 690 
 765 707 628 599 588 648 979 
 813 712 627 494 679 443 544 
 894 882 1072 985 691 521 872 
 976 399 741 986 1014 458 633 
 745 467 438 627 596 500 805 
 308 702 1086 1072 756 707 1040 
 492 736 848 627 671 614 857 
 773 616 642 975 854 1029 898 
 612 1097 436 520 459 443 805 
 645 783 844 797 889 448 697 
 254 1129 1026 909 1266 432 771 
 998 634 790 649 452 939 729 
 398 927 833 533 564 802 960 
 1152 415 871 712 632 690 581 
 487 631 752 885 749 444 993 
 861 618 797 776 574 1063 704 
 736 688 753 579 630 831 572 
 377 1047 1118 647 834 906 795 
 969 954 493 695 1045 509 706 
 403 870 741 919 702 576 1077 
 637 555 553 617 647 882 507 
 732 962 865 656 888 564 335 
 453 709 875 480 501 1027 571 
 850 616 555 523 1215 310 1154 
 408 701 736 733 930 542 804 
 816 630 1126 592 1033 618 728 
 601 1021 712 661 869 787 898 
 1024 655 1251 918 288 779 501 
 551 577 863 924 964 624 843 
 944 487 373 1039 575 686 656 
 1187 576 827 1118 644 454 819 
 750 549 949 850 748 742 572 
 433 802 1064 531 639 380 565 
 552 865 478 717 548 517 532 
 969 593 654 607 878 772 948 
 1112 710 693 931 412 724 531 
 1010 941 734 976 732 521 589 
 470 842 331 672 838 1009 511 
 721 756 897 603 942 817 1021 
 904 753 564 544 772 681 726 
 933 926 876 775 1031 775 1050 
 503 894 865 558 906 876 715 
 904 336 652 714 957 539 647 
 844 583 374 569 244 487 613 
 411 800 784 781 759 691 742 
 640 768 724 596 1139 744 745 
 988 734 1012 914 763 677 462 
 1007 892 1015 600 740 720 742 
 1041 805 776 892 660 618 536 
 700 499 963 557 857 534 1151 
 755 835 835 914 888 852 649 
 754 597 466 755 1073 777 698 
 581 612 974 855 557 766 716 
 778 689 1055 846 684 647 887 
 602 501 740 402 598 233 850 
 688 812 684 845 528 726 1000 
 1009 848 585 889 721 624 709 
 949 432 1067 485 617 790 488 
 1010 607 749 537 735 709 790 
 783 906 360 
 280 914 693 659 127 779 74 
 475 479 622 720 329 427 233 
 231 784 641 544 646 159 342 
 680 660 563 49 345 318 741 
 886 711 131 372 447 159 241 
 553 874 522 566 436 757 547 
 110 874 42 704 279 122 938 
 355 774 636 867 557 671 217 
 441 783 110 312 662 616 817 
 46 873 677 874 555 807 684 
 430 260 28 15 534 444 120 
 561 256 834 362 770 398 473 
 430 346 617 281 366 135 861 
 209 913 886 844 377 310 267 
 111 480 86 745 161 107 197 
 17 346 920 719 763 931 358 
 850 13 46 421 487 366 579 
 124 832 736 851 23 608 401 
 413 932 949 881 25 178 767 
 794 888 248 982 465 983 910 
 717 878 168 87 616 300 335 
 193 158 705 501 226 430 381 
 374 914 76 650 891 625 264 
 232 703 759 194 453 674 373 
 240 31 903 822 123 546 301 
 989 853 768 128 533 83 291 
 798 715 890 547 281 4 235 
 888 278 14 630 646 554 599 
 375 956 215 47 643 235 346 
 559 537 943 300 447 961 7 
 74 448 334 124 750 62 219 
 867 737 211 134 747 279 539 
 470 445 1 804 374 302 912 
 721 767 126 334 522 151 854 
 301 494 548 299 372 908 271 
 277 574 924 400 734 392 952 
 109 395 229 289 882 404 20 
 508 151 635 565 953 700 671 
 446 375 285 365 607 737 734 
 147 775 679 382 125 885 68 
 91 459 982 370 928 840 633 
 464 240 219 604 343 490 100 
 373 720 738 990 807 277 851 
 870 459 970 615 439 50 793 
 514 116 3 143 994 42 258 
 411 415 395 930 144 826 507 
 832 975 766 447 704 110 689 
 731 564 421 353 600 727 327 
 727 56 286 779 341 306 113 
 445 486 171 524 745 754 442 
 961 56 966 410 265 794 717 
 966 863 90 569 158 410 727 
 887 628 686 128 886 333 817 
 661 430 519 103 382 456 991 
 869 76 721 207 733 577 429 
 922 782 225 206 88 785 277 
 834 528 59 915 677 560 846 
 39 811 525 534 959 404 188 
 724 241 998 868 396 838 451 
 449 655 427 959 794 816 419 
 920 477 342 398 219 15 311 
 432 539 310 47 834 40 810 
 411 760 785 279 968 959 185 
 324 530 261 442 769 69 741 
 277 466 814 561 141 405 575 
 599 902 789 445 223 112 933 
 833 241 12 124 136 345 379 
 138 156 120 833 334 246 769 
 549 605 954 1000 613 298 8 
 331 275 753 156 366 569 633 
 829 263 702 717 918 566 678 
 785 486 26 
 659 108 847 651 966 330 1 
 124 683 935 756 100 640 875 
 951 441 555 632 460 603 350 
 860 80 25 900 94 411 759 
 200 875 252 146 154 142 698 
 129 352 201 106 44 654 574 
 19 817 6 931 443 562 109 
 833 263 328 115 164 901 13 
 425 264 362 421 480 88 546 
 10 286 30 604 546 199 985 
 353 513 860 410 224 574 335 
 964 602 935 122 614 742 435 
 714 235 477 691 591 268 450 
 495 400 114 497 722 304 102 
 789 469 995 716 623 781 295 
 867 322 604 762 85 103 991 
 904 375 240 468 737 912 79 
 90 604 753 524 342 278 864 
 249 114 816 525 718 651 900 
 577 43 590 541 745 825 626 
 865 934 863 732 360 50 38 
 853 449 491 995 435 193 599 
 136 970 715 635 801 49 254 
 771 486 420 353 744 830 949 
 79 381 254 169 195 304 356 
 884 218 417 815 892 394 260 
 66 750 518 830 468 963 519 
 945 97 655 946 384 822 56 
 236 313 447 665 678 414 225 
 177 815 905 606 439 638 555 
 652 770 93 891 148 322 796 
 542 106 88 938 4 474 254 
 44 748 694 182 404 837 143 
 971 1000 859 825 706 231 211 
 420 119 532 616 795 550 504 
 513 647 168 601 832 570 994 
 500 243 747 268 292 552 164 
 535 224 786 485 667 70 503 
 774 459 690 77 390 978 475 
 824 199 945 332 245 526 336 
 870 707 547 904 941 246 749 
 314 98 555 234 266 738 90 
 825 49 968 967 425 253 647 
 351 893 728 405 243 678 779 
 25 359 526 369 131 175 894 
 764 973 821 167 272 621 589 
 840 176 496 900 300 908 902 
 948 369 88 71 34 393 419 
 545 474 216 524 238 815 178 
 76 504 84 97 92 748 464 
 705 821 455 558 549 641 795 
 289 294 69 208 447 62 539 
 603 348 296 593 783 955 502 
 763 605 797 23 993 5 890 
 351 288 698 128 548 834 15 
 670 97 221 372 15 813 84 
 509 71 362 599 929 975 637 
 987 598 968 855 265 733 178 
 695 223 937 49 710 402 231 
 916 504 750 76 742 157 587 
 937 296 580 536 95 964 594 
 372 410 514 461 440 528 561 
 996 374 206 516 306 832 502 
 394 702 128 426 692 628 507 
 472 124 801 292 947 802 400 
 738 77 342 952 609 150 253 
 834 753 771 388 116 81 119 
 829 823 913 491 60 487 506 
 645 704 760 231 465 10 267 
 536 602 895 332 801 159 262 
 795 943 229 704 372 454 816 
 178 503 27 
 474 52 694 293 287 255 395 
 762 686 193 293 922 608 895 
 198 630 542 855 517 567 172 
 850 420 118 935 68 242 639 
 584 732 918 732 317 345 688 
 826 636 491 919 462 631 317 
 170 238 582 116 167 767 151 
 184 581 138 6 4 290 293 
 836 231 396 131 513 617 984 
 595 138 325 124 633 640 889 
 957 55 462 462 583 401 657 
 543 152 323 789 844 4 883 
 211 531 502 509 404 771 803 
 251 172 313 30 129 167 991 
 571 562 997 335 340 404 445 
 395 45 364 466 658 529 249 
 792 945 976 665 397 704 87 
 150 159 719 750 350 25 532 
 15 262 845 102 148 260 993 
 327 301 718 818 644 852 110 
 465 476 145 146 471 593 316 
 613 530 705 246 784 293 564 
 310 278 592 363 836 33 589 
 340 295 104 278 432 472 621 
 494 657 83 352 774 389 176 
 494 116 811 318 351 939 487 
 578 322 741 712 570 145 217 
 196 556 363 789 73 469 965 
 858 522 187 849 433 571 138 
 834 801 557 39 188 990 312 
 830 302 312 843 851 325 185 
 29 170 791 444 729 872 820 
 118 123 142 517 566 774 184 
 785 268 976 898 795 82 212 
 781 702 332 30 484 852 161 
 636 2 232 744 833 303 626 
 801 265 183 852 384 772 873 
 390 130 738 63 926 141 922 
 562 509 745 427 851 689 360 
 823 465 646 127 266 134 133 
 817 134 177 248 248 876 521 
 786 211 218 470 17 102 736 
 431 184 405 608 651 438 46 
 345 632 920 264 2 509 135 
 440 510 752 226 710 627 87 
 57 337 11 623 831 127 351 
 62 325 626 927 457 46 387 
 995 164 150 296 182 677 273 
 982 567 367 957 925 678 295 
 591 541 465 273 951 675 652 
 320 74 404 51 792 971 974 
 775 315 953 161 425 189 638 
 473 690 169 813 656 206 575 
 89 765 924 836 726 567 486 
 136 88 536 857 685 485 594 
 116 356 411 242 352 280 688 
 6 468 63 694 72 997 996 
 180 407 599 222 931 738 167 
 382 701 93 220 251 125 479 
 521 421 677 152 267 235 60 
 654 35 326 917 178 379 442 
 374 20 1000 447 197 564 811 
 179 450 515 471 878 540 93 
 418 50 981 727 844 865 149 
 816 217 925 671 257 734 829 
 950 445 638 532 693 303 433 
 209 265 501 129 871 343 288 
 436 362 845 824 752 751 841 
 562 330 824 275 761 597 9 
 652 229 971 797 212 478 645 
 24 236 263 106 139 736 731 
 297 737 338 
 448 967 885 630 214 350 351 
 385 622 860 970 544 906 959 
 87 515 569 569 480 774 999 
 720 691 547 605 434 260 769 
 814 979 538 658 141 38 53 
 791 703 29 100 789 676 312 
 680 860 149 847 544 963 172 
 960 219 357 166 408 96 969 
 626 66 301 477 982 63 281 
 24 174 3 482 570 707 292 
 101 28 549 176 730 238 360 
 494 779 733 992 577 64 793 
 653 475 580 807 212 792 317 
 316 979 358 62 420 714 213 
 885 389 850 866 707 39 959 
 779 526 344 621 282 281 56 
 339 226 694 561 34 75 273 
 165 380 710 605 621 525 359 
 458 861 218 628 445 17 500 
 401 821 325 451 986 951 719 
 290 357 553 198 655 253 726 
 487 702 352 87 643 738 986 
 92 377 547 554 900 324 575 
 513 442 405 232 1 132 816 
 697 731 746 254 632 246 883 
 917 202 377 176 808 953 136 
 485 336 718 327 106 448 951 
 583 69 585 959 970 629 315 
 368 688 343 774 193 792 361 
 19 191 237 112 469 605 318 
 994 415 596 180 715 605 416 
 42 680 577 384 542 428 684 
 675 409 158 224 971 480 15 
 423 27 248 876 967 951 235 
 96 376 848 173 534 538 181 
 693 810 305 448 516 245 390 
 237 215 994 852 619 309 812 
 655 8 311 419 21 183 251 
 538 393 177 134 10 188 739 
 804 548 826 933 338 353 93 
 94 670 866 388 808 611 334 
 658 815 454 847 846 265 807 
 915 318 469 793 299 10 803 
 56 278 417 750 685 723 39 
 356 235 945 817 226 30 310 
 494 439 657 33 629 111 4 
 616 846 196 48 648 330 52 
 402 208 642 509 504 413 377 
 873 359 916 816 394 424 505 
 661 539 662 745 202 684 737 
 226 559 715 888 710 655 3 
 32 9 571 926 215 785 761 
 721 974 942 106 996 674 613 
 214 734 402 737 232 859 238 
 740 193 301 923 833 37 427 
 105 49 80 92 520 247 815 
 210 670 180 486 302 115 409 
 445 135 318 9 865 42 119 
 594 475 601 732 799 491 563 
 744 559 850 407 262 563 650 
 384 657 89 871 383 513 251 
 282 628 565 448 425 594 748 
 926 584 957 681 115 525 772 
 425 825 535 415 646 659 580 
 175 738 505 933 239 42 352 
 274 519 559 950 261 51 886 
 168 415 805 331 124 300 327 
 183 589 88 510 670 658 878 
 79 303 174 308 843 282 605 
 216 530 731 331 825 512 233 
 932 182 362 325 539 207 95 
 898 763 589 
 279 177 160 58 773 426 771 
 951 220 74 695 378 882 183 
 222 596 567 236 178 820 924 
 493 558 918 867 354 8 697 
 314 195 173 370 847 600 682 
 899 882 189 803 836 14 239 
 294 397 358 34 885 585 175 
 990 526 355 833 373 515 988 
 76 597 112 436 741 966 847 
 980 341 378 333 805 518 759 
 99 491 309 839 436 934 157 
 802 825 111 850 880 327 485 
 984 744 731 26 247 439 866 
 545 943 329 683 403 283 897 
 841 230 951 313 866 757 1 
 760 529 893 601 991 139 677 
 136 249 83 299 713 14 999 
 846 842 878 143 407 617 942 
 512 199 399 924 949 127 814 
 562 248 585 426 188 68 370 
 528 641 90 204 16 132 317 
 380 948 967 814 73 302 908 
 62 903 820 299 567 879 930 
 755 722 479 99 521 558 344 
 359 690 565 260 907 936 647 
 723 452 246 562 346 209 388 
 305 282 580 976 528 641 966 
 202 248 532 93 302 470 999 
 854 816 276 514 858 290 853 
 188 835 829 641 915 611 1000 
 213 539 609 435 767 626 66 
 218 764 261 528 755 121 893 
 542 238 596 431 23 607 513 
 222 954 468 11 41 230 111 
 608 108 172 27 139 335 921 
 342 664 441 361 923 10 434 
 107 204 156 115 678 618 978 
 783 910 892 853 477 118 625 
 440 972 373 878 485 206 25 
 646 766 840 444 340 397 639 
 113 369 291 793 429 31 257 
 926 645 257 584 790 875 513 
 976 399 568 151 91 165 368 
 66 375 64 801 96 838 188 
 137 573 766 83 874 526 182 
 770 47 322 959 238 795 126 
 398 453 406 76 36 756 262 
 592 396 764 983 683 15 883 
 339 844 345 779 784 186 201 
 214 708 49 812 524 337 7 
 503 74 456 646 725 803 350 
 31 814 963 602 947 876 712 
 274 42 844 511 688 271 834 
 511 761 697 841 119 655 282 
 92 249 339 549 759 571 700 
 930 349 369 917 202 264 549 
 498 441 835 914 193 757 703 
 139 177 987 166 774 571 628 
 988 767 963 794 183 862 148 
 485 538 49 806 315 141 175 
 602 643 506 921 839 448 591 
 841 748 822 367 912 572 518 
 688 993 544 410 578 542 391 
 303 564 318 990 725 278 403 
 32 288 989 509 332 787 827 
 137 954 802 787 927 611 764 
 477 550 618 618 829 87 902 
 475 483 172 141 755 35 63 
 912 415 123 714 377 329 334 
 922 93 371 683 131 681 557 
 844 634 741 648 375 420 35 
 422 807 705 
 62455 62212 59134 60808 64260 
 500 5 0 
 747 889 971 492 851 736 463 
 966 320 885 1045 707 1066 692 
 964 524 492 665 1232 734 599 
 936 652 620 711 546 951 527 
 941 685 959 617 669 664 427 
 1058 1072 518 1044 751 757 519 
 851 1055 914 941 864 697 808 
 719 857 841 916 548 689 912 
 511 687 736 634 894 574 947 
 672 330 631 730 861 748 917 
 821 780 956 753 674 813 1122 
 1136 544 1000 532 915 515 603 
 379 715 879 767 581 710 822 
 814 766 674 663 652 415 589 
 998 689 712 676 506 627 520 
 700 328 644 984 489 740 887 
 806 725 934 789 731 880 606 
 970 805 907 897 671 748 860 
 500 1089 865 673 477 477 831 
 806 897 581 385 416 1065 716 
 936 550 1019 502 491 837 642 
 915 659 880 1050 597 771 752 
 864 781 825 917 656 324 818 
 686 737 911 381 783 1088 633 
 630 643 449 592 1017 929 718 
 1013 1001 961 625 515 934 719 
 598 522 729 561 621 781 645 
 1085 737 810 904 798 758 566 
 657 1030 912 804 984 712 595 
 961 718 808 635 791 919 746 
 859 1083 728 867 622 492 821 
 855 956 719 850 800 961 509 
 456 744 859 988 998 249 942 
 634 676 715 555 986 1065 1204 
 455 780 1038 998 812 827 604 
 505 881 458 704 497 998 868 
 783 569 698 551 869 622 593 
 540 983 781 986 596 581 693 
 740 784 765 1150 679 756 644 
 697 791 368 543 711 1186 1010 
 584 914 550 519 584 715 903 
 610 524 599 409 800 451 780 
 681 425 869 836 809 800 912 
 960 590 807 644 587 1106 956 
 519 432 765 582 624 711 476 
 909 1029 627 563 603 577 1104 
 1210 677 1039 836 740 419 788 
 513 478 1093 634 1008 461 1080 
 1126 793 1110 787 958 409 859 
 518 994 493 707 1110 703 689 
 792 853 1066 295 435 1018 680 
 447 890 549 684 962 935 556 
 995 986 457 1238 846 693 805 
 1169 891 1002 760 530 1182 786 
 639 995 585 684 1012 522 679 
 545 896 931 441 999 742 547 
 856 679 770 938 984 856 561 
 729 953 815 574 721 695 792 
 679 815 934 564 906 607 876 
 668 815 582 816 726 691 913 
 550 946 555 913 803 685 809 
 953 952 449 864 414 857 841 
 594 751 840 829 345 544 542 
 1106 840 784 732 847 966 785 
 612 928 577 645 902 772 682 
 874 852 960 767 1136 941 863 
 655 674 774 742 534 673 777 
 599 935 551 476 541 1011 783 
 987 809 495 987 1040 1126 774 
 1028 539 863 1001 603 1122 886 
 206 710 675 836 820 770 591 
 789 832 629 
 307 660 347 319 216 533 442 
 760 109 593 948 481 197 150 
 653 363 373 964 559 997 444 
 569 127 895 18 554 815 757 
 161 202 314 503 510 917 498 
 971 254 457 641 762 912 193 
 145 346 247 920 556 697 68 
 608 203 868 661 776 847 778 
 919 487 368 325 45 883 25 
 754 198 632 624 284 999 913 
 918 140 462 144 779 271 874 
 470 399 941 219 377 456 389 
 205 656 479 875 772 727 369 
 628 918 147 454 967 523 773 
 884 363 109 103 736 824 255 
 336 569 615 591 367 805 497 
 548 120 873 144 414 562 689 
 167 863 428 547 355 517 403 
 811 982 845 301 454 112 830 
 762 960 548 67 112 716 163 
 430 555 639 643 285 142 787 
 749 982 148 772 753 689 125 
 877 762 10 826 8 289 963 
 863 599 90 308 698 853 769 
 882 968 275 802 856 282 324 
 307 871 434 88 83 734 912 
 497 839 723 578 655 528 853 
 735 588 718 727 27 598 730 
 509 864 848 982 659 928 551 
 614 619 868 525 995 490 140 
 448 523 15 421 496 282 411 
 236 498 134 630 220 31 286 
 656 817 980 888 762 674 848 
 405 104 864 399 709 368 706 
 305 929 535 932 554 477 135 
 547 335 353 178 233 733 92 
 517 209 986 584 782 481 360 
 220 988 690 317 827 360 177 
 460 695 575 259 361 142 140 
 98 414 80 159 466 984 670 
 192 163 313 874 50 700 732 
 621 576 651 371 877 233 7 
 728 691 314 418 157 446 839 
 63 324 849 418 919 821 501 
 47 963 347 959 61 73 669 
 751 125 999 486 285 256 720 
 964 508 834 561 416 83 368 
 827 466 96 586 958 762 843 
 921 362 582 636 351 125 727 
 900 905 931 554 956 230 16 
 631 112 548 231 107 792 559 
 361 886 436 824 636 148 45 
 599 624 108 868 249 315 826 
 412 983 112 829 750 820 393 
 967 520 677 433 952 213 86 
 720 785 906 464 949 577 366 
 36 229 746 655 22 46 265 
 12 906 658 928 254 215 388 
 59 181 342 107 765 204 673 
 306 168 421 780 339 302 522 
 269 479 330 832 794 447 357 
 620 590 47 234 474 907 423 
 121 618 375 25 692 209 751 
 642 283 336 20 457 631 607 
 519 769 745 344 213 174 152 
 443 867 584 860 829 169 755 
 254 639 14 331 348 919 455 
 632 702 265 839 485 409 900 
 108 551 398 597 631 840 754 
 803 970 26 452 455 768 858 
 152 201 677 370 662 235 658 
 860 641 142 
 503 887 465 662 837 348 352 
 983 155 93 388 325 725 842 
 218 364 267 171 804 699 215 
 476 216 153 164 164 265 637 
 550 876 817 231 926 80 525 
 824 955 399 335 866 39 658 
 994 839 311 750 112 755 192 
 513 723 728 905 31 284 901 
 268 482 967 870 844 466 476 
 394 262 498 596 591 375 726 
 599 629 930 590 703 837 950 
 996 660 431 192 797 119 134 
 46 105 373 621 527 738 681 
 534 435 639 232 870 101 573 
 251 146 795 106 703 79 658 
 841 12 661 410 701 407 881 
 309 838 304 229 750 972 819 
 520 995 422 879 180 962 625 
 24 396 933 274 76 90 581 
 306 992 825 344 204 976 535 
 131 439 913 89 173 756 527 
 132 945 591 741 303 393 93 
 39 705 506 578 569 204 836 
 871 982 134 383 478 361 435 
 4 5 124 29 368 708 57 
 302 546 743 435 147 230 842 
 507 169 265 616 972 653 892 
 641 373 557 948 14 586 639 
 287 766 722 741 246 646 151 
 893 283 227 199 34 778 599 
 612 924 183 597 110 120 283 
 925 723 447 918 574 724 448 
 67 582 672 845 358 2 772 
 606 270 134 385 224 547 636 
 324 522 814 893 507 293 123 
 416 717 114 943 566 206 624 
 129 665 461 900 818 367 422 
 336 404 939 758 159 636 246 
 627 533 40 799 359 41 190 
 800 808 663 578 12 656 911 
 101 849 501 136 741 586 672 
 435 417 698 190 647 209 783 
 249 255 496 596 4 677 153 
 501 856 893 339 800 530 626 
 587 88 432 1 205 696 391 
 279 786 2 70 835 209 669 
 728 659 765 968 524 15 130 
 410 117 928 952 748 617 343 
 979 445 929 117 632 268 173 
 134 599 331 292 532 664 728 
 310 380 360 290 491 131 344 
 77 488 823 106 910 733 437 
 11 702 455 918 263 591 126 
 953 935 632 253 326 915 280 
 789 720 591 804 905 384 167 
 336 568 705 354 687 524 327 
 192 466 20 470 651 514 44 
 948 95 703 176 365 697 948 
 835 859 680 448 866 546 223 
 958 382 885 982 887 445 667 
 251 756 569 438 907 213 779 
 169 865 489 767 487 578 547 
 303 467 327 441 397 507 16 
 740 441 132 960 374 286 188 
 820 631 85 417 699 6 878 
 29 437 360 50 862 923 153 
 865 87 338 429 132 713 743 
 22 435 543 865 435 836 707 
 874 389 248 396 523 329 542 
 541 338 307 955 308 556 721 
 200 454 538 724 825 565 430 
 796 455 976 
 306 290 997 270 69 349 75 
 618 84 865 380 806 986 507 
 808 197 15 757 625 674 634 
 650 837 497 166 872 688 537 
 662 97 463 7 120 72 148 
 489 290 371 509 391 152 516 
 651 514 537 839 579 193 860 
 604 727 560 861 570 666 191 
 472 191 277 811 41 618 820 
 439 33 109 272 264 554 995 
 267 131 380 813 509 112 559 
 764 185 219 136 86 886 662 
 95 513 862 847 398 497 969 
 994 865 489 519 16 565 66 
 768 155 475 255 35 126 514 
 917 489 687 798 563 583 377 
 690 365 813 171 14 279 234 
 426 793 524 155 192 325 141 
 23 665 284 368 588 753 798 
 486 976 7 808 138 375 128 
 820 818 975 116 507 823 701 
 544 355 509 989 536 784 466 
 547 2 668 78 965 123 198 
 590 701 379 324 400 648 56 
 496 318 503 50 859 187 888 
 531 852 998 293 501 518 449 
 807 129 941 969 106 827 503 
 644 840 78 755 764 162 385 
 979 477 547 430 248 143 995 
 799 433 700 91 831 427 881 
 421 257 495 349 233 804 343 
 603 647 25 335 951 385 330 
 219 610 276 850 820 37 34 
 940 785 831 56 516 959 623 
 216 408 217 457 398 525 102 
 600 979 41 510 159 931 989 
 722 256 663 790 222 536 130 
 655 727 241 172 504 963 982 
 840 612 678 595 829 998 878 
 92 87 49 515 595 691 738 
 473 350 341 606 353 814 210 
 251 979 943 133 407 404 16 
 193 691 687 186 890 221 188 
 561 900 448 811 380 673 837 
 38 100 652 133 706 342 510 
 29 740 256 963 688 612 614 
 940 212 451 666 962 948 299 
 189 463 744 218 303 101 559 
 390 600 587 624 31 421 843 
 115 192 529 389 674 755 985 
 25 655 983 325 63 972 59 
 799 279 836 888 725 903 845 
 784 143 199 938 504 256 582 
 947 750 932 883 451 890 686 
 643 453 398 774 901 885 702 
 4 727 320 14 327 110 563 
 750 684 568 452 566 240 435 
 611 713 236 425 533 507 387 
 321 791 433 581 95 541 261 
 168 262 925 583 571 11 151 
 691 235 58 985 692 178 836 
 988 836 594 447 16 320 957 
 204 680 277 769 111 660 502 
 670 977 379 992 320 717 37 
 419 99 476 858 361 346 192 
 837 196 5 171 909 922 973 
 510 401 375 681 256 409 326 
 439 373 469 447 97 682 902 
 903 685 505 62 747 651 1 
 865 818 788 683 200 789 654 
 52 633 48 754 598 736 133 
 202 237 779 
 813 59 626 808 133 695 545 
 312 130 559 802 488 309 443 
 19 91 52 761 936 570 135 
 302 744 374 29 152 855 27 
 594 231 818 572 721 135 94 
 310 632 751 759 303 401 6 
 185 683 826 147 977 953 345 
 305 689 90 713 116 62 845 
 275 382 289 234 965 400 991 
 605 163 706 866 327 992 241 
 995 603 803 235 398 662 762 
 659 875 899 567 997 150 249 
 677 648 838 21 321 574 382 
 431 200 566 765 190 308 420 
 733 786 774 365 13 438 554 
 452 120 553 557 27 962 873 
 256 251 694 950 689 442 225 
 608 758 88 475 568 689 271 
 699 134 218 693 119 264 439 
 475 358 758 156 243 663 134 
 859 292 110 314 2 557 329 
 443 87 195 390 107 76 658 
 618 246 874 981 369 47 550 
 86 154 985 270 148 822 852 
 547 495 508 59 292 877 901 
 927 222 474 1000 158 485 825 
 54 753 817 94 258 408 329 
 919 672 726 320 925 827 52 
 682 647 284 663 949 865 70 
 97 224 734 242 448 764 634 
 282 872 708 710 720 40 190 
 739 244 415 679 693 520 310 
 600 612 604 683 139 156 640 
 240 948 919 165 431 999 663 
 50 340 764 206 224 240 789 
 145 908 497 692 9 128 507 
 757 599 608 125 359 618 44 
 739 545 619 571 55 22 226 
 778 358 936 761 103 332 718 
 964 737 103 38 883 995 612 
 713 696 556 572 601 462 720 
 532 155 23 180 735 547 364 
 308 147 708 963 293 822 565 
 970 121 415 250 526 669 109 
 672 362 301 672 470 592 650 
 305 996 953 353 154 140 676 
 444 757 3 175 100 54 670 
 609 29 879 388 764 447 847 
 576 507 501 90 955 247 536 
 462 539 98 930 891 934 735 
 858 112 596 31 666 614 511 
 293 282 37 396 948 706 232 
 423 998 137 610 736 899 953 
 757 823 587 359 262 856 916 
 83 90 919 930 836 558 858 
 82 80 153 881 181 670 395 
 502 373 445 466 892 520 104 
 257 130 999 72 935 956 957 
 279 383 717 360 430 773 895 
 578 206 372 158 428 622 943 
 431 687 169 686 428 578 837 
 45 461 98 276 763 821 173 
 610 327 778 549 59 98 474 
 741 761 229 782 173 136 697 
 551 973 627 360 923 651 931 
 967 510 565 570 544 840 189 
 595 441 627 863 488 822 153 
 316 776 247 143 284 967 162 
 779 669 883 710 687 926 831 
 196 91 834 426 558 140 173 
 269 492 646 704 327 563 795 
 812 793 116 
 224 592 296 398 796 675 174 
 315 992 937 719 315 877 333 
 907 658 416 218 913 506 838 
 314 494 457 776 779 752 664 
 628 372 246 857 809 475 731 
 614 865 284 838 153 804 305 
 931 679 952 316 391 763 122 
 709 661 428 715 204 436 726 
 332 934 469 313 559 432 270 
 268 467 444 48 992 141 710 
 887 716 38 557 895 235 409 
 298 57 247 873 898 264 900 
 477 132 991 396 395 449 327 
 574 845 718 921 222 269 739 
 695 123 778 161 419 227 32 
 165 236 447 801 543 548 885 
 77 601 330 761 955 224 920 
 979 253 988 725 7 868 496 
 192 775 193 216 209 864 750 
 917 927 487 328 290 129 970 
 806 619 437 406 118 323 18 
 884 572 682 686 402 706 976 
 151 435 605 637 706 790 29 
 260 605 799 163 98 541 480 
 680 315 302 797 697 935 166 
 650 588 486 273 101 578 473 
 154 403 762 452 806 179 625 
 85 560 548 475 869 756 80 
 479 825 92 533 350 7 732 
 112 874 433 415 336 591 740 
 589 811 347 941 355 435 636 
 752 977 359 854 320 713 977 
 737 573 781 50 452 129 581 
 392 43 665 251 666 794 899 
 495 65 439 652 713 143 616 
 503 722 997 826 292 969 54 
 581 662 294 348 464 283 584 
 622 264 274 640 142 744 966 
 938 404 39 956 350 317 420 
 782 474 721 714 341 854 303 
 731 785 405 377 686 272 134 
 119 352 367 390 900 156 668 
 603 58 339 47 889 70 786 
 532 629 220 29 74 491 433 
 791 249 287 146 799 93 157 
 703 409 845 162 87 1 650 
 671 323 728 255 672 986 765 
 501 289 672 338 860 379 781 
 276 465 625 198 896 858 958 
 198 917 2 418 138 814 917 
 545 703 756 410 754 524 940 
 52 751 191 398 607 569 945 
 825 242 817 889 375 577 62 
 665 901 336 202 82 183 55 
 396 816 92 96 315 293 239 
 849 911 399 345 378 143 817 
 822 869 250 426 966 592 326 
 543 520 188 538 745 38 923 
 292 463 971 180 618 370 797 
 294 673 298 210 622 39 411 
 85 160 321 655 133 943 331 
 842 609 125 691 160 645 65 
 36 383 131 700 131 188 330 
 530 628 463 536 496 754 574 
 247 841 49 449 200 865 923 
 842 403 942 900 259 193 825 
 863 268 128 433 628 251 132 
 282 96 755 53 943 755 488 
 349 525 95 856 829 539 101 
 737 20 562 224 162 912 200 
 294 930 520 589 962 43 855 
 898 635 285 
 64667 62869 62742 62521 63068 
 500 5 0 
 633 409 1022 1178 797 1236 733 
 792 731 638 562 1034 888 969 
 901 846 843 845 762 626 468 
 784 711 721 516 661 1012 589 
 623 804 477 1090 548 820 990 
 805 885 775 551 751 875 990 
 935 703 898 941 835 655 826 
 656 636 672 756 1071 742 573 
 676 549 619 876 795 514 849 
 739 439 527 876 396 583 477 
 725 582 885 379 671 604 863 
 778 620 1108 838 897 984 559 
 768 548 571 724 981 836 1117 
 983 423 781 377 1000 585 741 
 782 933 921 682 678 1024 975 
 986 846 445 677 1059 720 670 
 873 921 725 400 903 720 670 
 983 1062 1142 1123 779 464 747 
 845 471 1028 845 673 876 885 
 909 860 584 521 740 414 821 
 717 1043 798 657 681 879 722 
 969 817 459 532 425 1015 398 
 631 806 868 783 578 393 674 
 632 701 512 440 654 646 1078 
 786 635 638 526 717 897 490 
 757 821 780 550 785 595 542 
 316 661 819 645 672 775 658 
 764 816 744 938 626 864 646 
 669 663 720 899 604 813 533 
 733 628 658 841 714 1006 756 
 912 664 711 1017 551 552 585 
 559 874 642 588 482 783 809 
 700 843 787 1075 919 918 827 
 389 620 952 460 846 911 985 
 1175 762 714 523 872 526 711 
 465 629 591 777 414 731 787 
 757 838 893 1113 532 432 989 
 998 607 888 835 851 669 799 
 538 729 869 549 594 574 720 
 801 494 633 751 831 881 713 
 433 377 754 596 527 895 440 
 691 803 987 752 863 827 587 
 807 575 588 674 928 761 493 
 609 620 830 593 727 866 700 
 692 775 793 679 879 870 610 
 1017 1111 1015 828 923 849 904 
 729 823 879 843 1038 678 523 
 844 858 1087 1001 1043 609 622 
 561 624 680 1051 1002 467 635 
 725 890 670 866 640 575 893 
 937 813 1075 819 631 686 869 
 791 857 448 435 450 605 806 
 606 293 420 831 874 931 952 
 894 926 564 718 1099 726 616 
 875 607 581 611 931 952 837 
 747 428 902 970 1197 1008 750 
 992 522 573 905 839 1086 660 
 857 546 863 849 1080 689 598 
 923 711 911 918 662 806 612 
 630 535 458 1064 835 680 541 
 729 893 1034 528 866 659 550 
 858 1073 602 937 782 972 586 
 545 987 722 787 878 607 767 
 643 1100 881 1056 658 511 803 
 666 682 1019 759 824 690 826 
 683 689 686 1001 947 298 1035 
 623 918 683 767 972 502 987 
 422 604 824 641 770 980 956 
 862 785 846 681 617 668 629 
 379 838 417 683 588 314 775 
 659 635 790 573 690 844 605 
 1109 1092 345 
 4 44 721 71 593 660 997 
 474 739 522 772 852 398 844 
 974 591 366 154 188 783 516 
 413 269 757 959 556 264 511 
 196 6 278 697 366 86 354 
 810 893 689 271 614 118 761 
 592 847 277 335 909 834 637 
 75 51 834 555 427 512 368 
 726 421 577 341 679 316 380 
 525 120 948 452 980 542 534 
 944 357 710 402 803 527 609 
 624 361 381 743 180 374 489 
 237 332 166 225 550 283 748 
 965 490 644 51 230 89 414 
 87 782 270 386 257 671 947 
 37 228 4 329 533 922 98 
 764 981 541 44 120 321 288 
 737 734 849 993 439 548 197 
 84 267 840 956 649 144 627 
 509 617 99 5 946 475 120 
 268 424 657 262 756 679 417 
 59 53 193 868 888 792 44 
 849 618 599 255 975 205 687 
 503 84 257 294 703 65 370 
 732 169 473 209 852 959 493 
 268 751 392 258 125 13 52 
 533 845 210 949 331 623 209 
 403 387 260 380 134 352 346 
 311 377 576 324 256 363 166 
 407 95 412 295 386 757 698 
 494 563 102 842 377 889 989 
 333 312 837 844 63 152 528 
 185 689 196 595 543 9 830 
 912 681 943 513 812 607 127 
 862 537 526 164 184 725 713 
 43 592 412 34 955 911 606 
 790 197 735 984 572 160 912 
 987 212 617 604 503 783 709 
 562 86 122 214 627 752 250 
 742 397 458 134 743 843 989 
 63 495 801 72 697 908 304 
 485 990 995 349 771 671 56 
 378 577 617 221 378 86 737 
 163 189 712 632 609 455 875 
 13 335 657 773 701 321 669 
 875 571 532 657 534 95 331 
 139 387 328 254 798 261 449 
 423 40 699 836 764 316 977 
 818 859 534 584 822 746 34 
 332 84 25 755 153 13 550 
 532 749 823 526 160 379 719 
 212 147 565 518 19 949 614 
 468 347 945 987 230 350 289 
 688 393 48 839 882 324 584 
 388 840 983 440 65 623 550 
 94 383 946 739 1000 406 838 
 39 98 288 711 503 383 947 
 829 198 553 464 860 918 81 
 872 214 973 733 607 64 265 
 828 559 71 860 770 789 393 
 878 996 426 387 974 739 25 
 670 942 577 291 936 864 164 
 52 196 180 757 331 305 631 
 896 773 523 539 105 254 347 
 849 746 684 983 215 647 524 
 858 721 174 913 666 609 775 
 952 924 510 872 597 127 557 
 829 355 242 570 649 565 639 
 309 735 255 892 589 599 852 
 710 958 9 654 12 193 859 
 487 372 919 363 235 752 694 
 979 961 278 
 320 352 709 763 270 792 144 
 101 671 558 370 954 592 200 
 164 132 370 907 168 25 511 
 939 372 492 186 796 915 261 
 953 783 491 73 28 221 636 
 481 259 582 525 92 849 647 
 806 732 650 268 508 769 845 
 3 121 720 769 780 904 457 
 9 834 632 475 264 35 384 
 431 907 871 701 359 736 193 
 436 829 890 216 707 771 226 
 285 93 942 901 571 201 498 
 40 136 505 500 420 613 499 
 761 881 639 322 538 467 571 
 482 771 879 27 462 24 972 
 787 849 263 298 883 606 699 
 884 882 265 175 908 750 153 
 812 738 270 260 600 501 491 
 305 71 886 202 651 510 375 
 403 434 884 862 415 177 280 
 48 916 360 352 960 584 336 
 982 861 54 304 387 413 83 
 826 888 564 640 348 977 626 
 645 47 944 351 98 273 883 
 687 997 339 773 174 930 610 
 477 962 861 374 960 435 169 
 269 175 716 566 741 632 950 
 124 323 694 584 387 982 320 
 449 574 610 523 633 35 78 
 574 42 155 469 145 778 506 
 973 101 606 669 840 929 814 
 374 790 26 51 369 47 695 
 176 988 865 840 747 753 934 
 268 546 803 378 397 534 281 
 832 692 657 845 890 972 94 
 284 898 664 700 467 84 67 
 2 326 423 948 714 80 39 
 509 70 474 748 383 100 643 
 320 368 736 683 843 488 205 
 280 591 326 827 269 339 357 
 959 110 975 942 613 563 908 
 148 870 600 553 754 218 337 
 341 396 557 509 688 960 249 
 194 967 859 623 818 635 27 
 708 728 841 784 301 637 680 
 945 971 873 973 560 372 322 
 550 645 736 558 552 27 542 
 657 432 524 881 564 452 166 
 471 235 287 818 387 61 639 
 448 799 226 583 253 836 271 
 642 176 844 328 646 831 606 
 345 237 99 39 413 370 830 
 112 3 96 800 901 148 746 
 557 487 517 746 887 813 588 
 3 690 15 924 956 715 734 
 769 90 679 557 595 573 93 
 624 642 326 756 7 942 718 
 114 192 779 77 513 607 870 
 964 898 367 275 428 727 454 
 226 275 698 618 869 66 598 
 61 891 983 593 465 817 915 
 830 996 733 683 260 450 354 
 47 841 789 282 877 244 309 
 447 979 413 911 256 206 909 
 664 693 621 948 798 505 980 
 374 626 481 529 925 327 416 
 145 118 370 240 825 571 583 
 136 388 251 615 497 711 979 
 819 15 213 323 96 839 43 
 433 424 165 91 478 459 250 
 425 97 154 256 40 599 544 
 573 978 80 
 286 505 417 976 85 728 80 
 771 355 493 241 253 569 749 
 485 172 570 55 629 742 212 
 508 491 746 908 899 623 344 
 619 562 10 696 635 683 901 
 203 879 212 479 779 669 604 
 785 971 797 702 498 862 846 
 48 689 969 725 784 86 687 
 229 523 630 793 605 253 826 
 322 108 120 863 51 517 93 
 700 107 122 179 894 548 82 
 746 106 918 603 934 919 989 
 662 141 970 314 964 455 654 
 345 404 536 498 511 162 718 
 576 833 343 355 702 741 586 
 810 399 250 858 537 199 798 
 400 499 752 899 582 947 535 
 736 475 943 766 201 210 834 
 264 230 461 839 631 125 828 
 54 613 79 141 473 916 906 
 379 804 366 140 543 446 171 
 522 639 410 646 108 561 228 
 895 289 341 875 535 257 413 
 299 405 534 38 783 194 634 
 76 601 846 79 30 578 297 
 232 775 400 177 483 808 810 
 495 532 765 236 680 800 246 
 763 116 854 402 64 521 165 
 163 741 908 797 420 616 140 
 591 556 962 687 940 351 207 
 321 134 424 731 281 225 377 
 817 850 191 430 139 985 558 
 556 864 691 386 685 432 620 
 73 720 328 303 531 987 670 
 561 310 504 941 940 323 953 
 366 300 514 891 42 148 950 
 291 945 286 624 443 809 412 
 828 514 664 129 918 423 536 
 318 251 788 414 414 271 675 
 56 921 929 681 442 553 376 
 12 135 406 756 286 503 330 
 653 607 5 195 84 852 621 
 100 828 257 193 794 830 479 
 512 143 326 46 234 937 865 
 257 991 440 435 956 80 169 
 626 999 132 597 357 871 707 
 105 314 25 488 132 18 158 
 241 818 149 940 894 275 700 
 10 379 443 235 921 421 759 
 427 148 478 836 768 374 528 
 968 631 733 396 221 174 954 
 824 529 513 37 778 263 48 
 411 487 43 425 935 777 911 
 710 810 676 248 735 754 223 
 288 190 179 692 722 716 200 
 238 480 47 687 957 692 288 
 784 122 88 398 956 827 846 
 948 701 478 902 691 578 237 
 43 856 615 293 260 627 310 
 158 844 500 951 627 529 582 
 328 359 492 896 797 51 501 
 104 535 522 948 599 628 912 
 223 842 82 494 215 933 387 
 959 737 616 254 608 717 983 
 484 338 336 226 877 734 434 
 305 382 725 263 798 163 252 
 318 352 12 505 3 322 930 
 73 700 992 862 878 718 652 
 93 721 358 116 661 371 422 
 389 158 931 957 595 121 830 
 685 607 754 234 91 527 661 
 601 385 556 
 930 205 675 935 879 928 60 
 265 34 785 254 124 931 718 
 323 508 123 564 366 493 344 
 439 328 460 275 58 36 93 
 823 998 66 768 642 195 412 
 546 952 911 98 245 340 393 
 989 718 647 987 126 522 12 
 859 204 376 281 617 839 245 
 821 854 624 434 722 953 525 
 606 57 417 118 27 104 850 
 720 880 173 207 620 420 671 
 779 471 861 265 343 879 196 
 445 43 115 649 850 54 728 
 46 93 643 26 821 225 553 
 937 152 335 457 135 956 515 
 965 602 932 308 381 246 758 
 73 617 200 88 92 693 139 
 90 408 696 851 768 114 699 
 618 821 321 122 645 881 852 
 364 566 287 480 242 24 302 
 374 769 429 941 62 351 447 
 838 382 695 143 13 369 125 
 433 625 471 209 669 120 112 
 180 955 520 841 427 254 953 
 2 918 445 228 893 143 241 
 329 911 291 763 35 291 330 
 144 597 267 758 619 753 294 
 949 561 420 960 159 211 19 
 996 191 526 996 146 409 522 
 52 633 855 228 947 659 716 
 228 226 931 637 478 48 159 
 314 417 935 685 384 465 458 
 815 259 228 747 919 886 191 
 22 33 276 614 230 338 714 
 950 779 708 50 90 65 230 
 807 264 839 533 353 1 68 
 30 664 330 234 527 289 454 
 879 24 202 912 599 445 77 
 250 868 192 751 285 305 48 
 949 231 321 20 26 638 170 
 166 507 486 696 383 935 198 
 243 766 824 202 544 632 515 
 601 97 455 750 124 948 659 
 918 364 268 800 981 232 177 
 645 630 56 504 728 481 613 
 474 777 956 589 246 797 584 
 560 214 344 655 723 842 799 
 998 799 799 874 623 865 213 
 373 715 311 930 424 409 224 
 106 484 513 832 708 524 784 
 574 499 477 57 406 9 198 
 375 757 195 269 901 73 700 
 487 194 788 643 837 557 388 
 524 655 613 931 432 522 221 
 991 347 841 553 777 521 324 
 571 630 696 211 652 736 547 
 785 308 842 508 121 951 381 
 327 857 757 13 247 73 176 
 451 505 289 988 569 458 990 
 465 143 97 379 759 752 388 
 911 149 11 19 91 905 707 
 263 375 135 213 297 921 99 
 141 338 461 724 680 310 131 
 38 518 983 908 566 327 43 
 346 92 923 612 498 450 183 
 227 58 222 667 813 59 905 
 868 617 645 973 426 846 508 
 105 456 631 447 436 655 747 
 43 898 842 366 985 346 767 
 10 220 363 171 587 384 90 
 890 725 723 645 481 78 237 
 308 924 3 
 415 549 478 979 997 780 731 
 757 282 188 447 643 952 137 
 773 636 997 153 144 474 660 
 645 713 144 128 963 972 737 
 497 873 91 920 124 817 687 
 131 900 280 899 63 27 621 
 223 178 959 617 365 122 724 
 234 588 65 533 631 872 93 
 779 84 46 145 585 507 320 
 286 20 54 118 127 870 679 
 14 199 885 299 33 538 614 
 546 134 518 811 248 546 32 
 781 329 38 782 154 758 958 
 656 21 354 635 509 1000 859 
 280 270 977 561 29 741 440 
 552 989 556 348 989 840 286 
 105 290 304 774 770 90 515 
 225 478 891 517 812 916 398 
 995 804 630 56 775 594 887 
 814 135 451 787 627 60 560 
 187 313 643 467 965 376 470 
 724 230 874 312 158 879 74 
 10 493 976 696 296 340 759 
 390 219 160 622 167 388 967 
 928 228 462 910 282 262 104 
 748 193 979 205 346 711 177 
 68 359 69 123 350 773 31 
 838 299 325 211 291 243 299 
 568 418 13 41 909 515 425 
 693 144 812 487 234 331 25 
 148 831 894 567 592 322 128 
 775 392 522 739 258 699 454 
 482 417 335 833 931 905 170 
 75 452 569 40 30 575 852 
 455 605 669 596 27 100 820 
 684 859 119 720 220 384 572 
 882 995 897 464 116 342 696 
 851 48 571 650 347 555 692 
 872 536 805 36 304 724 933 
 531 123 409 351 241 549 704 
 877 108 519 93 70 89 388 
 43 561 333 381 169 615 665 
 717 17 659 110 811 557 123 
 326 35 568 365 590 196 205 
 480 789 671 211 447 774 844 
 907 37 957 373 991 312 643 
 927 170 616 737 963 895 181 
 502 761 771 178 57 279 761 
 411 685 861 738 23 184 241 
 121 949 242 656 943 344 317 
 219 451 307 681 957 431 235 
 717 222 667 279 4 945 282 
 208 333 141 503 496 489 214 
 445 924 586 369 793 649 224 
 570 88 680 195 926 752 689 
 312 111 96 408 532 955 598 
 322 441 603 996 582 635 52 
 713 252 825 440 873 719 764 
 338 236 553 657 219 727 323 
 454 199 101 113 855 46 268 
 503 486 796 671 422 555 528 
 847 492 441 685 888 359 973 
 970 756 768 252 665 570 111 
 627 786 276 378 262 373 52 
 445 550 274 84 944 419 777 
 215 667 84 528 195 258 377 
 575 636 865 437 557 327 326 
 964 665 331 281 984 240 415 
 613 628 953 803 291 861 18 
 176 515 243 632 670 353 683 
 729 506 256 66 194 284 402 
 873 968 385 
 63531 64933 64038 59998 60841 
 500 5 0 
 870 767 745 631 392 1075 444 
 715 1011 575 952 687 695 967 
 1033 880 660 1080 521 983 721 
 627 555 886 1156 707 858 707 
 932 782 533 668 640 683 992 
 899 754 1030 780 1001 557 1029 
 593 989 578 642 713 634 947 
 572 480 688 522 712 471 939 
 787 746 608 960 785 1149 838 
 695 541 467 723 786 656 854 
 689 915 760 723 822 699 826 
 827 836 1012 557 623 998 604 
 721 587 672 861 862 1064 637 
 630 720 586 561 497 644 727 
 783 709 681 855 321 770 419 
 868 815 505 819 924 730 854 
 718 977 663 864 772 588 458 
 660 922 428 536 1176 699 1108 
 762 682 655 843 1051 775 865 
 808 786 865 733 745 664 909 
 717 462 753 764 824 552 413 
 828 329 1056 562 924 862 421 
 584 1097 743 760 430 970 600 
 804 892 530 937 722 567 599 
 940 398 1000 500 440 343 580 
 745 667 731 577 615 1034 822 
 773 639 819 751 887 1007 912 
 1060 534 786 777 895 863 1018 
 703 904 549 572 643 259 757 
 574 878 1006 717 856 822 379 
 641 879 516 784 690 606 653 
 578 703 797 776 544 709 628 
 483 726 650 637 612 733 969 
 1030 617 758 665 613 224 897 
 689 736 1059 993 950 1030 713 
 730 907 384 787 700 1087 575 
 869 625 882 1064 873 867 377 
 566 477 885 666 468 484 893 
 485 961 933 742 1114 625 860 
 536 951 1034 617 1040 564 845 
 1055 1200 682 937 719 732 648 
 725 664 866 455 683 807 604 
 726 847 641 708 778 523 1038 
 883 581 670 883 617 825 770 
 955 444 835 754 649 845 896 
 855 686 681 851 483 632 612 
 942 788 511 723 645 647 518 
 740 695 534 563 545 563 522 
 1036 625 794 1022 555 894 832 
 581 696 522 516 891 954 924 
 635 876 1072 608 538 401 702 
 822 437 1172 534 753 895 1033 
 814 823 521 896 751 596 787 
 616 794 618 822 907 852 735 
 979 1015 960 737 749 808 420 
 1040 966 938 632 837 583 1037 
 793 561 815 1009 846 826 861 
 668 703 917 664 641 851 619 
 457 914 1066 525 580 1197 928 
 1047 844 687 959 641 746 672 
 830 812 865 675 908 611 920 
 494 789 844 887 426 986 1068 
 1058 909 667 726 892 803 921 
 736 623 698 521 599 1029 820 
 849 608 724 1041 748 547 885 
 459 648 647 850 804 750 522 
 921 620 771 525 842 805 684 
 537 421 775 1105 864 1032 815 
 631 321 618 943 967 888 963 
 653 703 503 882 919 809 942 
 802 748 643 867 596 557 790 
 784 556 587 
 479 628 432 278 280 234 517 
 278 408 406 877 352 902 724 
 956 207 959 778 206 344 931 
 664 89 730 210 467 326 987 
 74 561 556 162 909 356 108 
 769 189 855 209 398 175 954 
 735 221 856 77 257 576 642 
 86 736 745 789 139 862 813 
 902 334 62 169 447 459 26 
 378 60 138 697 381 25 365 
 903 531 453 282 386 466 103 
 869 117 435 402 724 975 144 
 746 730 961 881 956 504 418 
 251 735 112 283 231 308 79 
 297 452 630 757 653 492 114 
 261 334 991 653 613 441 225 
 24 213 414 124 556 120 178 
 806 501 115 211 768 472 640 
 47 836 5 738 324 276 203 
 861 990 674 773 989 401 499 
 408 196 533 266 658 920 90 
 998 330 754 472 339 873 454 
 504 522 324 931 207 951 174 
 899 441 718 536 47 71 189 
 792 482 198 887 562 274 399 
 454 505 973 365 878 771 457 
 971 345 152 498 682 574 849 
 178 123 681 657 730 864 833 
 244 754 994 188 969 442 578 
 851 201 879 450 404 205 188 
 311 835 481 822 204 104 162 
 981 375 487 129 715 250 314 
 428 159 362 15 841 799 951 
 776 618 334 256 350 7 579 
 491 541 910 765 623 742 115 
 280 634 240 167 25 306 851 
 674 344 980 481 513 498 254 
 613 429 996 909 169 489 471 
 421 73 482 14 732 473 980 
 201 477 967 920 871 358 560 
 943 973 209 987 285 544 642 
 463 374 588 109 478 170 771 
 396 927 80 460 355 508 259 
 897 853 920 751 839 602 605 
 41 635 407 449 474 89 604 
 247 658 796 195 188 220 116 
 814 488 886 618 413 561 629 
 757 586 334 330 11 629 481 
 998 783 278 322 447 988 982 
 474 952 861 796 710 313 418 
 304 696 468 530 273 20 226 
 571 359 928 585 579 193 569 
 511 980 308 636 315 825 567 
 203 696 883 682 780 80 697 
 640 257 130 804 496 906 508 
 966 711 482 431 38 803 763 
 604 828 808 186 514 196 3 
 283 661 909 320 443 245 111 
 275 463 540 230 544 728 349 
 416 4 619 477 248 368 9 
 867 193 712 683 622 330 848 
 428 571 196 761 124 579 971 
 934 424 606 304 698 427 683 
 11 933 530 34 24 459 818 
 487 353 34 770 727 53 223 
 952 247 132 744 797 114 514 
 335 352 751 636 827 795 883 
 862 54 527 676 48 783 264 
 145 4 893 296 858 552 520 
 429 563 475 407 714 831 202 
 17 294 863 296 804 430 135 
 679 735 3 
 612 25 848 196 825 805 85 
 562 466 266 275 29 654 197 
 183 377 519 850 968 760 238 
 964 666 182 897 989 489 312 
 901 636 641 690 313 642 519 
 50 712 666 383 855 140 796 
 740 337 915 936 706 575 635 
 410 315 459 236 298 11 759 
 658 649 341 987 959 963 849 
 294 474 95 908 48 898 472 
 310 768 137 648 289 723 657 
 33 14 943 7 460 720 131 
 409 773 693 47 713 868 712 
 402 662 269 216 519 103 74 
 254 799 383 517 441 725 552 
 720 929 36 335 513 821 201 
 91 606 157 439 477 876 63 
 566 917 543 659 843 875 920 
 845 566 336 106 965 791 448 
 787 976 646 840 979 229 3 
 687 782 927 260 702 298 237 
 696 439 87 98 406 792 409 
 637 479 668 206 161 131 669 
 327 922 391 811 721 596 946 
 50 162 996 770 424 242 611 
 369 18 55 269 326 41 806 
 486 845 680 810 967 662 90 
 102 603 942 421 874 565 616 
 169 912 69 74 823 147 902 
 823 161 212 241 967 38 701 
 199 400 930 121 769 195 750 
 90 976 551 933 272 932 454 
 578 258 109 826 194 710 410 
 973 157 584 92 66 100 469 
 434 63 121 364 907 871 569 
 809 741 34 835 969 321 259 
 197 605 923 157 642 758 330 
 332 70 853 187 84 645 960 
 38 749 807 11 893 857 757 
 548 136 339 559 637 978 200 
 589 703 361 474 626 907 136 
 32 783 32 244 255 653 836 
 289 879 8 67 218 70 667 
 456 571 117 256 526 638 284 
 317 525 375 30 493 389 624 
 299 172 212 684 98 991 40 
 501 131 79 539 83 558 20 
 537 211 270 505 947 203 570 
 291 409 726 761 161 849 613 
 355 155 194 271 720 530 703 
 462 329 852 276 682 144 923 
 298 26 584 354 74 294 540 
 351 780 845 745 895 381 951 
 315 692 441 618 272 775 822 
 934 598 606 788 919 734 76 
 846 237 357 739 441 589 990 
 274 687 381 185 982 707 338 
 898 690 698 730 761 182 822 
 177 677 681 121 340 912 279 
 331 286 352 968 924 318 411 
 590 449 565 464 868 223 88 
 389 150 168 306 548 125 688 
 950 869 184 430 552 657 257 
 404 689 820 940 117 812 720 
 424 456 11 665 979 257 225 
 29 120 66 894 983 351 60 
 388 480 80 216 828 284 688 
 699 327 102 783 661 46 59 
 655 384 296 334 700 529 271 
 289 156 489 929 670 301 976 
 983 145 289 966 544 974 187 
 288 587 769 
 431 212 102 393 363 886 178 
 12 766 62 858 26 644 768 
 216 401 575 993 54 939 117 
 713 940 465 644 926 519 341 
 510 146 315 962 893 546 798 
 413 692 910 253 480 827 534 
 99 819 232 331 438 929 438 
 769 295 811 559 414 516 415 
 304 668 72 622 169 173 501 
 152 457 427 351 72 364 637 
 608 375 828 873 475 538 496 
 756 625 987 687 42 597 599 
 747 750 864 348 437 608 283 
 889 644 522 337 739 93 809 
 248 547 794 275 211 721 274 
 373 921 734 132 650 170 797 
 707 723 455 575 392 1 71 
 496 651 619 17 709 775 951 
 645 306 136 562 529 206 989 
 641 501 189 413 716 693 993 
 124 621 865 999 626 179 686 
 43 568 751 626 739 761 27 
 386 916 762 758 188 246 738 
 784 715 520 551 86 782 100 
 702 572 832 393 583 421 901 
 811 548 701 585 34 705 120 
 184 300 97 546 357 835 628 
 846 123 135 490 491 413 386 
 742 33 295 886 35 71 161 
 510 983 339 174 631 554 566 
 304 381 60 837 569 52 962 
 183 146 61 759 423 780 429 
 426 385 784 268 347 517 215 
 626 589 725 56 722 155 733 
 445 204 930 439 244 643 250 
 700 238 51 99 563 986 448 
 433 1 655 695 624 932 3 
 357 47 335 815 513 748 572 
 678 363 754 805 945 689 245 
 209 589 645 17 815 119 160 
 534 532 964 349 452 164 643 
 381 838 210 263 342 648 896 
 606 155 872 38 203 34 798 
 290 3 359 738 987 73 475 
 698 357 771 428 729 628 649 
 380 278 105 576 121 330 525 
 843 943 479 913 964 503 528 
 1 126 134 661 300 418 134 
 627 269 987 717 685 574 154 
 15 125 73 928 188 969 551 
 455 353 805 636 39 143 68 
 401 202 926 566 799 727 792 
 312 180 391 277 407 311 632 
 218 802 787 164 192 138 85 
 473 382 403 70 143 470 479 
 760 164 656 463 984 32 672 
 969 455 303 864 848 952 753 
 6 246 522 866 91 625 155 
 99 417 697 264 973 601 589 
 998 745 671 777 263 850 223 
 840 358 868 565 305 218 469 
 5 651 106 808 110 823 764 
 97 712 698 373 956 487 400 
 432 436 751 895 583 460 878 
 329 507 511 855 271 219 993 
 148 277 486 857 137 538 273 
 957 32 28 359 980 184 549 
 211 65 853 128 871 653 998 
 514 306 425 585 48 3 350 
 518 348 176 852 310 639 117 
 653 137 613 389 303 90 955 
 314 259 644 
 906 45 762 841 201 779 432 
 238 228 22 711 400 286 487 
 348 981 95 604 600 282 45 
 190 54 456 876 926 119 485 
 982 557 927 492 785 785 245 
 660 915 814 902 401 718 891 
 790 653 603 151 43 276 823 
 951 786 249 201 705 350 500 
 151 965 844 833 923 776 528 
 855 329 416 653 397 78 320 
 206 677 255 145 535 709 839 
 108 755 930 974 505 828 739 
 481 350 76 710 390 657 551 
 861 804 276 924 662 276 763 
 983 22 937 863 40 219 169 
 552 986 123 505 156 587 200 
 347 858 614 392 774 269 553 
 22 833 690 247 642 927 120 
 461 33 489 721 478 149 486 
 932 118 514 683 24 885 558 
 859 321 195 909 101 675 198 
 799 176 831 420 867 152 360 
 340 432 269 524 339 424 119 
 954 239 42 692 472 237 243 
 613 474 75 93 436 314 252 
 843 454 459 503 361 760 787 
 102 246 842 267 175 598 86 
 928 237 18 752 271 540 775 
 730 346 447 350 367 421 865 
 384 139 767 213 48 748 249 
 151 894 340 649 270 583 225 
 315 264 389 306 692 156 960 
 26 246 821 906 522 642 579 
 579 712 689 201 273 226 537 
 391 836 456 928 166 629 941 
 313 453 869 979 17 750 469 
 137 400 879 729 174 297 225 
 35 963 904 786 401 10 174 
 195 710 319 934 41 553 875 
 213 972 607 563 435 890 593 
 682 652 945 846 459 325 974 
 766 557 911 224 716 692 61 
 235 553 747 613 894 528 324 
 424 44 501 891 361 466 52 
 950 56 445 971 964 876 865 
 407 664 658 330 775 125 648 
 299 75 22 567 879 266 237 
 276 746 206 119 694 759 785 
 753 701 872 67 821 207 695 
 250 819 881 160 689 120 815 
 546 724 423 140 25 424 314 
 264 757 806 150 45 600 337 
 561 120 98 4 69 168 653 
 637 338 72 304 943 829 699 
 875 875 403 900 615 76 123 
 555 915 653 598 215 390 163 
 751 103 471 393 947 766 526 
 487 807 466 137 858 172 827 
 718 826 475 667 764 262 600 
 938 472 328 953 670 416 600 
 651 405 849 593 433 938 80 
 262 619 921 58 362 527 907 
 589 242 971 568 635 635 294 
 192 443 794 473 943 909 472 
 305 332 840 682 457 808 526 
 154 410 879 242 943 826 560 
 727 252 613 875 672 644 358 
 79 839 673 948 754 766 759 
 61 85 967 763 627 693 740 
 730 48 554 62 92 259 556 
 246 317 328 42 580 279 577 
 291 755 105 
 167 601 129 205 158 905 920 
 396 843 755 774 418 959 977 
 996 921 824 457 184 223 684 
 211 11 143 861 26 754 824 
 59 682 69 240 204 829 858 
 294 308 269 559 754 813 33 
 169 989 236 480 959 615 1 
 327 101 325 677 83 393 63 
 905 781 168 538 754 880 551 
 82 791 147 393 733 606 311 
 739 65 865 687 848 987 220 
 571 381 516 235 891 108 972 
 894 324 649 131 844 804 223 
 563 720 21 1000 311 686 859 
 422 810 620 261 148 672 480 
 174 292 189 262 689 415 975 
 158 798 750 700 583 318 435 
 515 878 48 942 540 140 849 
 920 183 394 494 882 381 974 
 729 947 800 275 941 460 867 
 841 346 380 993 610 686 658 
 79 47 594 109 729 646 152 
 829 677 253 645 752 905 627 
 266 564 725 955 858 160 321 
 144 52 936 325 31 358 300 
 914 478 885 712 475 488 446 
 898 235 998 676 709 605 965 
 760 32 262 609 81 973 459 
 677 633 514 986 424 99 786 
 130 494 381 296 729 788 106 
 345 681 465 244 495 73 525 
 404 653 525 234 153 998 686 
 5 834 932 159 611 340 369 
 428 195 58 855 347 488 376 
 960 847 842 589 540 56 593 
 731 462 701 794 808 822 133 
 613 322 828 792 221 269 585 
 432 52 341 254 391 281 130 
 81 999 163 141 515 20 922 
 494 298 458 386 651 63 453 
 119 817 391 852 551 67 562 
 237 642 427 325 847 426 67 
 864 266 946 201 647 447 728 
 782 353 647 514 134 170 5 
 411 125 657 778 250 278 553 
 675 318 562 943 397 627 730 
 96 308 515 790 600 862 198 
 617 290 779 519 474 35 241 
 84 811 261 777 131 39 612 
 539 684 263 355 18 779 521 
 116 223 514 828 625 679 697 
 86 189 563 557 409 529 579 
 464 233 56 730 606 751 922 
 423 603 659 161 945 894 764 
 557 633 926 959 624 316 614 
 288 960 319 402 835 368 937 
 678 529 205 926 315 612 545 
 921 961 401 594 87 708 16 
 167 852 862 229 8 999 343 
 500 947 692 447 902 630 388 
 263 758 968 127 803 922 637 
 701 488 769 797 735 846 897 
 732 641 452 750 967 764 477 
 562 571 324 206 304 734 174 
 812 382 18 8 896 645 525 
 462 307 450 2 512 455 402 
 277 204 91 528 808 220 668 
 574 296 64 907 588 431 386 
 283 371 264 308 415 665 989 
 97 886 362 208 381 613 667 
 955 998 48 278 384 312 345 
 340 383 761 
 62532 62189 61040 63716 63922 