 5
 100 5 0 
 504 803 667 1103 834 585 811 
 856 690 832 846 813 868 793 
 825 1002 860 615 540 797 616 
 660 707 866 647 746 1006 608 
 877 900 573 788 484 853 942 
 630 591 630 640 1169 932 1034 
 957 798 669 625 467 1051 552 
 717 654 388 559 555 1104 783 
 959 668 507 855 986 831 821 
 825 868 852 832 828 799 686 
 510 671 575 740 510 675 996 
 636 826 1022 1140 654 909 799 
 1162 653 814 625 599 476 767 
 954 906 904 649 873 565 853 
 1008 632 
 42 41 523 215 819 551 69 
 193 582 375 367 478 162 898 
 550 553 298 577 493 183 260 
 224 852 394 958 282 402 604 
 164 308 218 61 273 772 191 
 117 276 877 415 873 902 465 
 320 870 244 781 86 622 665 
 155 680 101 665 227 597 354 
 597 79 162 998 849 136 112 
 751 735 884 71 449 266 420 
 797 945 746 46 44 545 882 
 72 383 714 987 183 731 301 
 718 91 109 567 708 507 983 
 808 766 615 554 282 995 946 
 651 298 
 509 883 229 569 706 639 114 
 727 491 481 681 948 687 941 
 350 253 573 40 124 384 660 
 951 739 329 146 593 658 816 
 638 717 779 289 430 851 937 
 289 159 260 930 248 656 833 
 892 60 278 741 297 967 86 
 249 354 614 836 290 893 857 
 158 869 206 504 799 758 431 
 580 780 788 583 641 32 653 
 252 709 129 368 440 314 287 
 854 460 594 512 239 719 751 
 708 670 269 832 137 356 960 
 651 398 893 407 477 552 805 
 881 850 
 806 361 199 781 596 669 957 
 358 259 888 319 751 275 177 
 883 749 229 265 282 694 819 
 77 190 551 140 442 867 283 
 137 359 445 58 440 192 485 
 744 844 969 50 833 57 877 
 482 732 968 113 486 710 439 
 747 174 260 877 474 841 422 
 280 684 330 910 791 322 404 
 403 519 148 948 414 894 147 
 73 297 97 651 380 67 582 
 973 143 732 624 518 847 113 
 382 97 905 398 859 4 142 
 110 11 213 398 173 106 331 
 254 447 
 404 197 817 1000 44 307 39 
 659 46 334 448 599 931 776 
 263 980 807 378 278 841 700 
 210 542 636 388 129 203 110 
 817 502 657 804 662 989 585 
 645 113 436 610 948 919 115 
 967 13 445 449 740 592 327 
 167 368 335 179 909 825 614 
 987 350 179 415 821 525 774 
 283 427 275 659 392 73 896 
 68 982 697 421 246 672 649 
 731 191 514 983 886 95 846 
 689 206 417 14 735 267 822 
 977 302 687 118 990 323 993 
 525 322 
 475 36 287 577 45 700 803 
 654 196 844 657 387 518 143 
 515 335 942 701 332 803 265 
 922 908 139 995 845 487 100 
 447 653 649 738 424 475 425 
 926 795 47 136 801 904 740 
 768 460 76 660 500 915 897 
 25 716 557 72 696 653 933 
 420 582 810 861 758 647 237 
 631 271 91 75 756 409 440 
 483 336 765 637 981 980 202 
 35 594 689 602 76 767 693 
 893 160 785 311 417 748 375 
 362 617 553 474 915 457 261 
 350 635 
 11927 13727 11551 13056 13460 
 100 5 0 
 869 1043 829 813 683 548 658 
 785 733 751 891 549 365 633 
 691 583 693 625 880 544 1038 
 525 706 557 974 802 460 813 
 1126 698 550 895 807 844 802 
 966 838 1075 332 678 440 644 
 700 546 500 782 965 1054 854 
 1053 721 572 773 853 840 849 
 715 1032 762 779 780 685 572 
 737 931 945 828 978 965 701 
 431 862 719 877 838 813 275 
 802 754 547 1039 940 730 1195 
 871 560 627 503 523 906 612 
 857 660 890 864 976 840 569 
 702 977 
 523 940 933 411 125 834 298 
 671 664 901 236 382 381 789 
 613 954 637 438 911 459 630 
 722 929 225 463 702 870 787 
 577 119 835 795 313 938 239 
 751 736 447 81 984 529 683 
 67 55 21 192 776 797 248 
 253 405 600 706 188 882 28 
 165 912 368 896 825 235 72 
 739 873 169 408 986 474 838 
 108 331 361 360 790 206 258 
 331 117 208 865 521 214 607 
 625 126 549 429 541 636 26 
 366 194 476 956 568 520 159 
 879 404 
 524 304 525 400 928 370 589 
 986 933 168 661 28 349 864 
 305 74 692 502 177 461 752 
 562 708 733 956 858 535 848 
 592 701 219 597 774 716 450 
 871 84 881 239 83 285 309 
 713 16 47 475 541 592 610 
 165 990 378 45 642 870 605 
 856 812 833 837 512 83 54 
 998 743 668 748 809 704 630 
 414 25 723 10 479 923 156 
 505 844 897 483 611 956 590 
 452 323 328 199 501 883 81 
 14 953 88 134 573 887 326 
 491 269 
 441 777 73 948 126 873 984 
 192 590 139 260 494 352 215 
 786 264 486 318 489 266 668 
 263 489 11 139 301 37 132 
 831 738 727 459 737 818 304 
 988 702 144 156 180 885 289 
 199 493 657 234 866 952 50 
 834 891 398 604 791 8 917 
 76 266 233 322 830 370 248 
 579 120 976 554 890 364 488 
 435 704 56 435 891 776 5 
 804 858 198 993 344 124 955 
 885 884 565 42 94 558 19 
 328 77 564 54 749 597 973 
 633 469 
 959 912 469 37 671 16 465 
 366 172 940 636 467 250 120 
 678 210 328 910 529 620 1 
 18 284 940 931 8 121 10 
 728 790 171 613 200 73 882 
 138 83 969 105 55 335 75 
 46 909 774 858 863 665 845 
 812 549 338 460 214 42 952 
 152 808 169 161 162 446 162 
 514 502 507 578 655 963 29 
 356 939 605 217 145 670 604 
 821 121 434 818 720 711 804 
 615 745 134 835 205 946 894 
 385 491 915 956 204 449 862 
 596 460 
 1000 430 888 258 727 557 270 
 509 493 538 178 468 266 104 
 848 850 931 477 528 525 882 
 287 200 93 697 974 498 20 
 490 969 26 578 897 130 198 
 253 916 864 891 714 48 497 
 963 255 370 84 769 765 656 
 767 16 334 749 806 966 378 
 247 126 860 601 545 5 163 
 487 447 889 910 771 485 626 
 65 958 893 985 156 892 253 
 661 720 988 588 474 518 878 
 705 664 818 793 154 676 170 
 963 165 25 742 661 689 429 
 703 964 
 12841 13172 12088 12269 13839 
 100 5 0 
 771 509 640 509 641 626 640 
 891 960 928 975 843 654 856 
 612 871 731 720 771 810 1047 
 713 574 557 697 660 812 384 
 714 967 761 722 1026 850 1077 
 627 729 511 929 561 966 310 
 1086 832 700 564 602 1046 854 
 489 505 577 608 445 747 791 
 543 403 703 914 836 925 437 
 542 1158 691 849 927 903 864 
 669 724 720 570 840 358 565 
 639 658 851 639 492 749 761 
 682 740 779 601 668 866 645 
 550 967 890 707 804 822 475 
 353 830 
 563 659 144 345 188 345 585 
 400 396 425 393 392 864 460 
 874 949 969 774 106 198 987 
 234 770 870 933 599 866 512 
 99 848 350 244 965 388 217 
 915 669 314 915 492 739 58 
 628 444 632 475 598 752 493 
 928 52 114 58 106 876 165 
 645 133 86 881 640 18 449 
 596 705 702 714 743 960 663 
 476 804 554 482 974 672 464 
 357 111 284 775 25 506 899 
 766 155 785 164 970 846 563 
 813 289 874 462 851 663 667 
 67 355 
 588 89 884 128 202 635 29 
 730 968 426 101 987 624 911 
 580 306 536 132 370 691 739 
 75 427 500 237 945 180 256 
 272 376 836 657 714 632 730 
 16 218 179 523 508 846 114 
 536 684 95 698 977 621 495 
 670 477 490 800 116 236 134 
 772 567 906 515 516 656 636 
 624 897 515 584 940 299 578 
 774 805 277 500 56 191 333 
 692 299 206 940 281 627 993 
 90 529 840 516 655 564 154 
 20 625 897 981 1000 633 307 
 220 61 
 84 258 463 654 834 545 277 
 781 961 531 664 259 334 589 
 388 857 792 905 213 749 277 
 31 178 620 690 916 205 138 
 355 224 696 994 302 441 863 
 229 959 321 327 108 459 816 
 394 518 6 169 231 425 643 
 565 460 9 431 18 443 617 
 276 97 238 460 359 594 738 
 42 464 80 836 244 564 548 
 774 822 20 410 327 327 755 
 870 678 193 163 92 973 312 
 380 682 390 5 273 551 670 
 464 643 392 51 200 98 158 
 375 714 
 728 593 698 258 459 210 433 
 564 782 795 920 417 190 104 
 40 211 717 602 969 927 585 
 191 614 181 842 11 620 449 
 53 620 64 495 627 704 618 
 440 73 72 574 719 918 321 
 661 506 46 711 309 864 273 
 160 805 287 435 888 311 251 
 289 650 867 390 961 978 79 
 51 446 707 568 848 941 419 
 367 814 699 544 44 322 371 
 753 252 969 281 925 34 910 
 63 780 663 387 955 230 425 
 152 468 239 956 78 696 912 
 787 419 
 1000 637 396 715 62 136 727 
 187 892 872 701 61 836 112 
 768 538 494 801 327 67 973 
 711 670 478 9 373 823 417 
 362 904 722 471 129 907 765 
 821 110 184 572 340 281 202 
 848 980 738 282 327 909 303 
 79 623 917 649 773 490 640 
 101 145 935 211 59 986 103 
 854 832 376 706 677 580 121 
 189 13 67 607 477 175 724 
 411 543 910 619 312 695 328 
 455 671 213 526 282 590 606 
 908 340 40 560 567 94 218 
 43 825 
 13486 12749 11130 12651 12451 
 100 5 0 
 1068 567 704 973 1047 874 665 
 580 959 618 848 1031 944 852 
 436 1096 533 767 819 856 622 
 848 916 535 1045 425 1088 702 
 995 574 817 960 884 661 759 
 753 738 538 520 934 806 807 
 653 555 762 554 1039 662 1046 
 645 682 599 591 642 1006 633 
 1055 631 761 430 644 1024 933 
 745 578 1067 888 680 442 946 
 652 689 753 913 1197 518 517 
 535 619 838 576 749 946 713 
 482 540 966 1074 276 653 971 
 968 918 915 997 437 434 643 
 837 789 
 495 707 875 928 542 474 824 
 312 266 682 366 999 147 823 
 86 841 371 853 68 815 88 
 935 503 785 407 172 663 415 
 243 760 323 902 783 675 521 
 466 521 620 533 208 634 483 
 542 832 648 441 939 380 938 
 640 721 340 390 42 705 517 
 5 315 331 534 305 941 165 
 40 332 983 770 264 7 525 
 475 798 509 438 77 626 30 
 591 696 84 346 619 595 504 
 971 559 792 940 281 55 524 
 561 485 963 290 51 692 807 
 852 737 
 377 556 313 90 505 18 101 
 582 941 459 515 959 850 597 
 523 724 256 831 764 940 780 
 881 280 82 862 65 346 205 
 434 354 128 141 407 499 153 
 548 329 192 565 898 894 642 
 302 7 331 647 858 790 604 
 82 365 94 830 9 769 984 
 917 672 189 232 676 97 783 
 500 271 480 841 629 162 191 
 316 616 337 855 935 915 148 
 105 150 800 312 879 547 899 
 6 454 213 459 65 320 723 
 779 786 3 127 214 84 580 
 970 636 
 278 49 491 78 884 456 503 
 291 981 106 472 385 771 744 
 238 306 740 193 733 540 122 
 425 524 182 989 770 833 219 
 587 686 340 169 965 756 123 
 6 554 686 71 735 295 212 
 24 553 613 234 877 491 713 
 770 506 793 305 282 375 2 
 756 660 629 292 230 871 192 
 212 62 568 602 888 528 896 
 213 232 801 780 902 80 567 
 632 578 551 620 689 602 164 
 534 68 110 485 343 897 907 
 744 861 319 580 206 425 775 
 145 514 
 929 88 946 525 836 205 722 
 118 832 560 732 268 14 485 
 918 596 592 374 464 569 559 
 971 579 263 959 326 929 45 
 463 391 328 821 506 907 30 
 278 447 373 764 588 241 523 
 402 116 694 423 710 177 967 
 138 684 109 996 400 988 305 
 708 371 247 83 904 464 855 
 514 949 116 433 75 235 133 
 131 249 793 904 934 558 476 
 566 58 764 548 942 996 953 
 565 200 304 398 461 279 678 
 823 954 540 718 600 346 121 
 635 956 
 887 133 57 933 657 737 110 
 978 33 707 706 51 622 18 
 366 638 658 885 518 215 434 
 521 414 529 143 193 573 695 
 952 443 556 953 340 52 829 
 312 400 699 227 680 748 902 
 454 808 413 176 435 850 988 
 229 749 891 81 450 318 81 
 551 191 668 488 959 482 860 
 483 313 763 630 594 294 817 
 486 424 862 471 694 106 315 
 174 124 271 586 273 479 705 
 188 530 1000 888 41 640 307 
 201 424 821 954 185 78 705 
 470 828 
 13164 12033 12184 13178 12688 
 100 5 0 
 829 618 641 992 985 570 650 
 902 1049 571 567 498 600 986 
 855 688 995 962 644 710 632 
 1068 735 1087 646 780 655 706 
 1113 550 625 967 1101 551 963 
 799 472 1134 692 512 852 749 
 557 1144 707 679 907 789 732 
 556 784 796 702 744 603 917 
 998 527 949 791 883 619 707 
 383 494 477 822 1137 807 615 
 935 448 743 926 818 669 650 
 798 509 732 842 882 643 752 
 1063 436 637 652 914 510 749 
 727 731 663 790 888 506 545 
 872 635 
 502 66 229 725 461 533 658 
 340 95 501 697 437 172 549 
 801 408 866 475 253 467 809 
 802 683 738 160 41 432 538 
 342 957 515 995 824 255 712 
 241 541 806 577 313 595 899 
 676 772 560 342 791 253 400 
 180 60 722 945 164 116 429 
 856 102 573 623 633 59 235 
 737 376 370 528 546 699 352 
 523 327 412 869 841 758 320 
 230 6 409 432 678 562 595 
 778 364 908 188 48 291 984 
 620 627 571 720 393 119 43 
 587 448 
 430 323 712 645 833 762 352 
 411 715 141 887 331 388 546 
 817 813 541 144 300 311 264 
 591 657 848 101 862 282 66 
 101 401 322 363 471 750 871 
 523 163 428 265 284 338 346 
 616 467 401 464 239 712 866 
 129 202 710 353 715 176 395 
 71 644 440 247 616 68 598 
 12 421 83 938 602 793 745 
 924 535 20 303 586 953 929 
 536 301 396 87 287 575 290 
 714 407 717 189 880 813 996 
 717 283 702 797 650 280 344 
 592 512 
 828 553 337 862 225 41 933 
 845 980 433 139 809 174 769 
 819 641 460 906 816 998 112 
 608 653 341 963 453 968 909 
 985 509 184 807 459 726 336 
 800 818 779 1 656 344 556 
 177 736 263 304 542 813 326 
 718 601 591 216 918 394 512 
 378 970 751 957 639 131 116 
 494 662 166 345 725 135 843 
 878 121 600 569 735 263 425 
 803 632 5 529 609 328 647 
 575 510 413 541 960 932 378 
 34 515 946 226 805 430 969 
 148 14 
 839 674 396 128 569 631 725 
 552 365 292 649 177 372 75 
 76 614 205 33 644 660 996 
 517 905 989 284 498 332 589 
 842 337 656 185 834 128 291 
 789 702 935 883 66 721 673 
 897 906 408 645 519 244 595 
 15 464 93 254 627 284 436 
 787 50 224 220 459 124 607 
 64 889 172 115 904 924 169 
 841 110 536 962 192 295 507 
 879 456 433 865 400 762 985 
 591 502 291 601 31 211 207 
 228 160 523 328 10 707 423 
 324 194 
 949 517 55 290 784 129 21 
 599 792 529 46 542 766 707 
 864 166 878 808 61 475 657 
 933 257 596 378 685 506 223 
 928 376 421 369 577 194 341 
 824 73 948 618 764 469 682 
 275 609 290 873 147 926 772 
 7 860 963 543 119 95 764 
 560 563 959 743 57 641 48 
 63 87 145 338 463 947 611 
 494 190 762 851 717 908 758 
 714 123 240 712 59 7 199 
 900 18 183 324 938 301 325 
 915 302 472 659 595 79 345 
 584 31 
 12440 12184 13875 11869 12243 