 5 
 100 10 0 
 803 728 743 464 853 587 856 
 579 359 635 661 679 583 1026 
 637 652 603 583 1017 817 633 
 633 672 540 732 879 1031 801 
 892 1030 844 659 952 917 1078 
 1012 709 699 1091 887 802 1016 
 757 810 1023 757 518 632 1091 
 595 630 916 759 674 553 703 
 530 790 628 671 667 885 527 
 970 683 716 714 919 504 703 
 924 533 510 993 840 538 909 
 884 639 811 1000 267 632 937 
 875 768 928 378 948 628 530 
 676 662 490 1006 949 822 694 
 1013 600 
 300 78 275 724 674 227 84 
 587 768 51 446 955 886 871 
 557 978 336 442 71 222 505 
 327 706 86 596 257 726 420 
 835 792 739 373 796 769 745 
 540 966 450 721 242 559 352 
 990 951 875 329 803 892 52 
 681 388 824 892 381 52 774 
 372 368 969 929 378 449 249 
 255 123 745 978 862 302 549 
 229 418 389 768 961 186 657 
 717 254 533 733 144 208 928 
 919 402 536 900 893 814 121 
 601 262 207 735 125 755 581 
 464 674 
 297 539 903 75 384 474 909 
 5 97 323 326 125 578 415 
 420 581 272 455 895 294 633 
 858 215 157 807 322 670 997 
 315 101 489 784 479 836 224 
 917 898 894 347 576 434 834 
 243 940 403 326 408 353 945 
 307 48 302 287 621 546 749 
 869 147 870 329 115 450 534 
 592 609 25 16 392 202 5 
 818 195 444 571 948 154 552 
 567 820 243 537 358 260 706 
 471 237 676 281 145 273 567 
 87 692 787 878 857 821 89 
 983 388 
 24 638 899 982 207 788 194 
 455 217 71 799 539 720 713 
 443 268 257 861 891 857 633 
 620 336 912 500 361 66 469 
 789 717 244 73 780 801 894 
 185 947 680 917 275 887 792 
 986 424 167 108 389 258 941 
 963 47 869 711 117 170 725 
 221 131 370 371 792 460 264 
 518 111 127 370 875 121 69 
 396 485 433 305 589 908 460 
 214 1 389 972 31 426 836 
 986 20 941 652 222 914 93 
 634 646 343 923 613 808 264 
 160 254 
 791 715 560 703 415 363 239 
 357 953 567 368 349 21 874 
 874 872 443 56 632 798 255 
 773 36 692 239 485 980 381 
 886 875 592 345 863 778 985 
 520 385 110 905 501 69 944 
 922 106 680 315 735 912 904 
 585 877 475 136 92 495 799 
 300 479 540 125 820 712 258 
 299 776 587 358 503 815 168 
 979 658 840 984 974 532 765 
 962 851 323 963 904 185 507 
 762 40 798 108 628 547 123 
 127 231 8 781 862 810 638 
 248 198 
 98 947 956 509 298 728 253 
 779 244 208 324 227 50 708 
 719 158 787 33 536 60 327 
 852 128 105 968 314 978 368 
 318 826 407 123 617 943 757 
 326 620 687 63 439 614 533 
 522 174 439 862 981 972 789 
 573 262 989 573 184 604 828 
 336 503 1000 515 954 751 627 
 776 676 899 870 974 516 5 
 891 848 218 664 79 542 938 
 397 660 397 567 183 96 592 
 846 271 943 201 558 926 961 
 357 216 110 419 627 267 111 
 742 211 
 4 459 106 86 392 345 585 
 761 193 746 19 393 73 932 
 117 389 2 10 184 406 314 
 256 3 544 903 839 640 893 
 606 660 622 86 475 297 420 
 672 928 409 969 696 694 276 
 507 431 252 910 206 260 666 
 464 784 372 740 948 998 314 
 887 968 257 230 62 410 718 
 543 553 397 728 640 306 471 
 118 499 463 987 916 425 198 
 525 435 677 301 329 775 699 
 892 242 620 36 881 3 192 
 806 761 543 806 118 543 810 
 272 461 
 926 396 649 219 598 352 454 
 493 1 968 979 240 675 6 
 373 499 51 699 731 134 899 
 312 402 997 449 494 621 938 
 211 749 169 118 413 367 514 
 726 802 170 440 501 132 679 
 671 373 164 295 137 860 184 
 358 299 696 263 966 570 155 
 629 12 164 261 471 833 958 
 805 78 352 857 253 548 250 
 75 55 823 187 679 627 680 
 626 44 78 179 116 950 866 
 900 669 182 376 725 635 466 
 398 770 611 285 688 921 640 
 853 856 
 682 495 207 741 459 268 898 
 380 440 138 413 193 148 348 
 642 148 274 830 679 964 82 
 147 289 557 396 805 679 912 
 630 230 943 254 54 746 563 
 349 878 552 721 367 803 132 
 982 221 891 751 296 406 689 
 721 77 199 803 187 191 769 
 174 999 84 598 886 747 63 
 225 655 10 984 880 378 386 
 804 451 360 779 364 154 897 
 572 863 864 522 317 575 337 
 375 411 692 196 302 16 251 
 608 751 295 180 904 13 695 
 726 615 
 942 431 834 554 850 484 58 
 191 108 75 792 801 451 994 
 950 145 512 956 345 52 750 
 776 653 15 515 296 223 19 
 192 914 388 272 474 673 229 
 490 6 753 670 278 158 541 
 795 163 998 528 394 65 614 
 349 198 451 325 136 570 635 
 921 192 919 657 169 643 755 
 548 638 576 666 133 709 794 
 457 334 134 105 847 949 986 
 400 747 47 767 63 331 327 
 675 655 233 724 633 743 494 
 36 382 25 187 883 483 923 
 860 249 
 608 446 555 22 45 384 422 
 518 80 954 960 253 285 425 
 552 513 984 757 219 50 772 
 956 434 427 417 676 227 693 
 279 50 249 199 422 485 747 
 680 353 545 254 128 710 469 
 97 585 398 780 700 361 509 
 36 216 357 912 927 188 229 
 161 309 765 834 220 310 538 
 399 247 624 699 154 748 77 
 575 553 454 161 640 693 28 
 487 111 424 112 17 95 597 
 87 1 307 203 806 571 334 
 441 489 374 695 929 411 438 
 416 805 
 13640 12048 12574 13915 13232 12190 12242 
 12394 12258 10960 
 100 10 0 
 877 485 931 957 693 451 930 
 406 736 668 846 941 795 832 
 599 703 559 711 876 727 703 
 616 906 686 527 1017 718 473 
 984 925 839 614 803 812 596 
 759 1061 624 532 906 533 318 
 683 607 924 939 934 739 682 
 753 524 881 994 874 1056 682 
 867 660 594 848 733 924 447 
 383 602 863 831 986 740 607 
 826 668 585 1005 926 831 608 
 760 582 794 616 896 564 770 
 918 792 616 771 336 900 749 
 485 758 727 619 725 664 883 
 883 871 
 504 793 417 431 998 431 371 
 636 239 361 408 766 184 145 
 66 900 599 362 301 846 103 
 819 382 917 156 977 314 68 
 822 68 896 111 93 757 679 
 22 825 781 165 727 750 372 
 988 254 945 995 77 158 222 
 371 482 325 333 674 421 409 
 480 673 665 516 334 454 204 
 232 12 274 705 627 352 858 
 407 401 357 406 556 188 381 
 924 575 188 178 890 696 206 
 675 293 768 679 376 868 63 
 813 548 275 177 521 804 664 
 904 422 
 923 48 745 889 123 864 142 
 118 643 67 582 966 164 206 
 406 386 130 604 238 487 978 
 778 980 383 424 826 857 634 
 781 952 28 97 499 55 322 
 479 720 81 659 573 804 112 
 691 756 947 543 726 346 920 
 784 840 952 960 92 767 89 
 914 188 313 283 167 794 13 
 83 30 366 315 354 357 793 
 131 58 390 228 686 254 599 
 294 878 932 959 632 846 788 
 369 361 657 309 123 688 116 
 308 187 549 906 252 158 485 
 860 524 
 80 905 997 283 851 206 918 
 212 32 483 734 809 614 661 
 327 65 485 841 761 394 377 
 510 96 141 136 209 637 451 
 442 237 892 123 243 25 810 
 705 857 319 700 510 462 69 
 280 545 173 702 317 449 732 
 190 73 135 158 783 814 341 
 686 934 11 810 202 461 844 
 345 805 855 769 756 770 390 
 376 315 945 180 146 756 148 
 139 645 962 71 461 231 838 
 937 26 397 294 509 53 719 
 128 607 550 412 44 494 806 
 420 844 
 870 28 785 997 610 345 845 
 731 972 605 106 989 301 648 
 987 14 107 240 166 975 885 
 62 863 180 119 447 19 365 
 646 683 257 353 427 160 568 
 442 352 795 768 499 299 587 
 290 739 525 910 511 918 514 
 208 9 487 934 624 892 24 
 820 345 658 349 902 1000 585 
 875 635 730 789 436 211 91 
 956 71 939 518 518 546 921 
 40 313 15 464 35 774 296 
 545 803 133 618 549 523 745 
 626 740 365 891 514 372 467 
 615 353 
 763 568 561 430 459 221 910 
 339 505 765 322 746 179 840 
 340 152 981 832 99 971 762 
 741 799 421 178 89 776 582 
 208 882 639 395 888 123 383 
 304 812 233 777 638 59 982 
 577 61 573 296 84 8 274 
 111 110 763 211 616 765 318 
 71 420 720 598 702 40 253 
 656 307 123 333 861 404 177 
 1000 91 513 986 999 585 318 
 626 414 568 64 974 206 187 
 497 11 387 493 115 471 618 
 828 799 556 113 289 811 104 
 740 780 
 637 926 187 170 562 10 388 
 454 932 302 697 969 295 855 
 466 873 978 575 905 482 543 
 289 943 47 433 831 370 110 
 496 3 43 951 61 671 209 
 707 742 917 727 548 465 117 
 870 401 216 194 155 966 936 
 275 822 413 657 91 351 934 
 462 512 673 455 66 387 795 
 236 918 620 203 894 893 507 
 810 651 115 646 597 417 449 
 758 952 586 106 864 907 541 
 371 28 842 451 197 335 701 
 92 993 297 732 245 672 302 
 569 514 
 695 517 611 363 308 250 269 
 161 388 787 347 293 145 573 
 423 180 132 349 831 532 406 
 53 864 77 358 404 166 24 
 705 260 666 713 133 778 218 
 188 388 72 79 673 264 154 
 242 158 699 27 900 537 692 
 541 79 554 777 970 367 362 
 543 781 592 903 626 823 423 
 226 797 595 600 678 385 577 
 483 281 614 667 957 695 802 
 793 592 411 948 724 297 406 
 454 405 381 723 6 203 619 
 880 732 870 264 148 281 439 
 373 521 
 556 244 897 976 580 533 390 
 463 245 527 323 660 26 419 
 239 414 270 766 104 296 42 
 846 967 700 238 834 572 169 
 321 647 33 452 78 801 304 
 40 76 128 619 158 972 670 
 647 570 432 81 607 187 48 
 941 769 576 252 519 771 619 
 584 394 69 335 419 26 187 
 185 118 601 880 416 621 228 
 300 523 383 445 74 951 741 
 567 217 5 460 372 568 653 
 770 966 281 333 130 318 896 
 288 920 248 92 102 228 244 
 371 335 
 807 314 275 744 566 629 220 
 273 297 668 535 660 242 584 
 492 206 878 634 622 282 461 
 855 768 794 241 922 420 101 
 184 576 247 463 762 498 494 
 979 834 245 359 833 52 41 
 599 920 978 587 494 42 855 
 67 341 346 80 877 891 678 
 637 592 650 820 451 304 245 
 214 222 291 790 134 649 406 
 865 288 567 581 401 993 245 
 941 558 795 357 513 324 917 
 946 199 202 660 132 664 215 
 109 715 377 829 206 228 141 
 642 87 
 469 239 538 116 632 281 279 
 599 74 292 468 223 808 622 
 108 363 477 493 205 53 126 
 21 891 22 818 69 30 573 
 891 201 643 927 670 656 516 
 694 953 835 215 434 649 3 
 199 911 8 207 876 28 9 
 447 595 223 788 404 333 360 
 823 900 609 116 627 183 33 
 487 546 122 357 454 465 574 
 306 169 378 520 528 572 294 
 22 157 231 868 535 101 203 
 660 495 383 667 483 709 54 
 460 460 573 164 805 154 884 
 190 724 
 12201 12416 11848 13093 12057 13132 11805 
 10865 12479 10652 
 100 10 0 
 793 756 923 915 833 667 701 
 700 311 891 790 835 569 795 
 860 1091 368 817 961 711 801 
 859 567 939 950 1049 791 762 
 491 753 835 368 882 830 809 
 885 955 772 909 458 847 351 
 748 675 509 990 489 491 706 
 796 785 686 634 932 555 949 
 926 932 719 534 544 999 729 
 565 1073 639 722 641 527 655 
 868 786 558 760 845 663 1047 
 659 623 723 726 570 510 666 
 824 498 738 663 756 653 443 
 983 858 529 487 614 593 862 
 610 672 
 292 819 468 428 992 241 417 
 939 44 447 546 134 639 806 
 150 962 229 273 457 552 189 
 38 277 987 390 978 734 807 
 261 833 584 162 440 64 697 
 724 495 323 718 654 184 5 
 182 292 207 370 592 145 735 
 86 542 31 956 204 87 844 
 684 63 485 499 80 720 243 
 319 782 571 972 72 612 458 
 395 19 764 902 6 187 779 
 178 714 450 768 454 37 934 
 796 572 909 803 885 235 556 
 172 714 327 816 106 79 45 
 148 864 
 414 271 673 955 697 869 290 
 765 634 781 514 252 662 704 
 205 869 469 501 793 738 403 
 305 619 604 676 789 977 1 
 777 973 43 388 813 554 424 
 823 814 951 337 864 588 668 
 104 135 515 484 183 731 272 
 983 129 496 333 791 841 393 
 85 946 812 925 318 396 967 
 987 793 266 631 493 707 982 
 949 382 297 30 14 658 806 
 763 763 850 340 178 30 204 
 155 69 655 269 133 807 217 
 846 525 673 32 135 875 767 
 927 46 
 353 346 187 109 490 387 578 
 127 7 221 305 841 881 183 
 647 664 646 532 757 550 316 
 243 810 404 982 877 312 894 
 185 122 824 770 182 674 614 
 431 429 268 84 52 510 392 
 664 215 175 726 85 650 428 
 819 570 917 970 831 245 983 
 658 703 445 690 157 490 713 
 465 620 918 52 786 988 297 
 166 923 396 831 193 310 575 
 702 560 452 887 194 87 643 
 735 546 666 943 279 327 263 
 537 62 272 635 371 473 583 
 358 511 
 110 33 870 970 735 871 507 
 52 735 711 631 332 326 634 
 492 358 556 532 259 852 191 
 478 400 813 708 731 742 240 
 544 188 348 302 276 204 356 
 634 753 634 488 266 153 218 
 579 228 737 203 768 287 752 
 102 622 558 265 435 982 484 
 512 68 66 31 550 270 637 
 447 572 706 666 100 129 792 
 510 833 860 622 956 122 336 
 212 397 14 411 968 772 812 
 757 263 402 879 656 114 54 
 682 132 220 570 290 624 837 
 486 758 
 463 800 981 527 496 260 802 
 671 28 61 584 715 461 776 
 68 648 147 809 547 919 702 
 173 267 104 459 910 523 839 
 895 826 849 745 116 666 271 
 413 774 331 964 43 100 631 
 876 926 135 809 751 304 372 
 474 338 882 513 646 376 184 
 314 533 599 158 921 771 738 
 173 598 647 546 219 708 972 
 475 614 136 889 471 775 271 
 816 709 998 750 673 887 409 
 257 172 471 556 705 297 703 
 975 310 8 946 362 343 855 
 238 497 
 620 22 943 736 104 588 906 
 517 247 880 710 920 131 143 
 410 964 175 720 518 58 328 
 729 467 770 974 735 217 608 
 774 880 741 159 669 185 927 
 737 660 727 444 234 278 86 
 169 240 514 867 314 139 345 
 497 829 508 335 837 786 990 
 898 555 103 719 3 868 13 
 941 855 334 564 689 452 394 
 615 597 116 852 615 636 588 
 917 40 118 153 576 902 696 
 335 254 285 69 672 537 107 
 943 831 283 207 475 946 277 
 638 872 
 281 462 441 173 889 66 687 
 693 263 846 756 677 54 732 
 575 927 86 91 924 405 658 
 620 846 39 976 836 42 217 
 87 220 580 309 402 283 210 
 588 494 14 979 276 605 61 
 429 719 344 605 104 177 110 
 13 86 384 55 905 280 441 
 384 792 967 215 956 542 703 
 234 527 832 244 592 666 387 
 889 455 668 219 524 974 855 
 308 91 166 310 235 725 356 
 136 434 784 92 222 733 694 
 412 75 784 431 854 56 565 
 821 299 
 749 807 1 815 198 527 233 
 529 260 817 318 127 47 221 
 518 427 11 415 151 679 274 
 494 199 810 267 892 603 352 
 77 259 21 107 319 530 244 
 844 91 441 547 831 301 43 
 146 730 671 292 876 131 98 
 687 981 332 84 457 417 1000 
 660 746 636 194 903 937 422 
 617 632 516 731 78 233 42 
 187 922 28 834 350 623 688 
 479 541 525 116 26 825 689 
 884 558 389 5 759 625 666 
 978 765 479 326 950 408 358 
 379 493 
 202 122 137 432 96 902 355 
 432 289 439 218 98 857 609 
 812 832 59 749 810 602 834 
 977 636 585 583 246 605 888 
 512 352 831 41 492 792 644 
 891 697 665 929 60 658 540 
 107 392 721 315 254 815 752 
 536 714 464 999 651 140 640 
 501 150 325 736 111 889 533 
 417 825 948 221 113 96 936 
 719 547 131 236 439 544 645 
 889 806 975 491 972 90 389 
 205 430 183 205 583 422 116 
 998 677 833 117 527 840 39 
 876 811 
 395 933 327 981 500 233 175 
 586 403 10 773 320 796 131 
 197 2 172 499 352 553 350 
 774 571 698 986 449 561 786 
 402 528 881 57 236 576 391 
 889 14 323 843 606 309 526 
 339 370 108 637 321 752 997 
 209 181 4 8 543 545 524 
 959 168 255 281 61 200 3 
 212 634 415 503 545 608 313 
 930 820 282 686 336 86 321 
 896 247 749 310 849 551 550 
 991 8 696 452 746 55 704 
 614 523 86 43 66 605 173 
 600 195 
 11707 13635 12482 12083 13604 13138 11558 
 11625 13137 11240 
 100 10 0 
 846 578 811 890 795 521 718 
 757 995 825 843 874 834 831 
 556 601 472 487 640 885 766 
 867 849 1053 532 1120 664 1030 
 624 627 905 1051 532 906 695 
 1121 771 845 735 759 684 1088 
 773 967 942 906 626 827 814 
 573 851 925 670 551 557 596 
 669 717 907 810 454 985 1028 
 940 864 834 569 758 689 718 
 922 522 885 438 924 721 506 
 891 774 904 895 525 743 452 
 915 636 982 634 585 602 768 
 711 707 914 858 757 915 689 
 798 646 
 478 209 549 155 805 64 528 
 904 832 14 606 436 221 937 
 477 646 472 708 678 633 7 
 110 435 929 925 584 556 795 
 435 73 934 534 355 954 834 
 347 730 872 407 789 968 924 
 519 945 704 997 866 380 248 
 96 476 7 752 565 799 827 
 99 769 9 228 590 786 355 
 263 955 590 255 604 989 723 
 191 258 664 37 805 836 552 
 792 86 935 711 868 373 9 
 635 641 441 305 669 647 686 
 640 625 615 165 491 934 6 
 34 717 
 598 280 441 103 594 278 272 
 703 781 701 338 273 821 798 
 801 376 712 164 937 602 156 
 114 220 343 749 713 121 240 
 21 26 580 760 29 295 516 
 707 429 209 375 112 397 809 
 782 712 306 529 375 212 335 
 510 662 16 457 699 123 393 
 160 710 90 896 246 409 877 
 475 674 1 274 584 450 94 
 915 841 25 599 377 934 270 
 634 752 669 704 838 953 970 
 467 329 787 54 516 561 358 
 433 715 11 860 888 613 949 
 296 300 
 7 60 644 944 50 492 580 
 209 353 323 308 875 780 324 
 178 479 226 637 251 870 392 
 1000 782 652 371 929 274 693 
 919 12 737 321 758 707 122 
 383 775 538 111 170 500 740 
 995 630 210 697 200 688 542 
 654 668 57 820 315 946 17 
 695 354 47 99 47 541 939 
 933 965 500 92 396 192 497 
 185 41 262 196 180 781 562 
 773 917 798 63 813 837 575 
 288 43 465 280 773 951 987 
 523 445 208 47 553 662 606 
 411 200 
 518 448 516 406 727 939 575 
 82 628 78 950 135 510 481 
 671 359 436 575 916 89 999 
 15 245 891 713 470 469 654 
 489 826 582 451 887 559 613 
 441 591 314 78 564 120 463 
 190 388 674 426 498 859 665 
 15 443 916 299 779 158 804 
 211 567 572 602 620 127 222 
 317 893 943 951 450 855 136 
 927 234 974 93 555 69 651 
 817 990 658 758 324 149 361 
 747 338 405 374 916 57 525 
 358 840 182 827 406 583 335 
 32 793 
 821 390 11 542 279 386 694 
 586 377 757 234 691 491 710 
 171 80 183 28 315 457 331 
 751 992 706 238 758 309 606 
 389 952 393 958 867 923 97 
 678 114 542 518 867 92 519 
 199 496 792 932 141 393 517 
 282 96 813 576 238 900 326 
 973 863 923 477 39 329 761 
 792 208 288 835 580 479 80 
 973 40 645 542 197 423 349 
 534 722 907 503 235 604 18 
 531 969 906 954 277 602 342 
 91 877 786 434 737 132 204 
 750 390 
 830 72 961 289 882 131 723 
 265 467 613 307 896 427 424 
 38 320 228 333 234 222 687 
 783 350 960 472 196 202 592 
 231 255 789 461 544 71 954 
 622 29 61 618 790 208 48 
 552 687 723 552 783 942 924 
 348 300 586 577 380 378 876 
 79 678 585 980 170 266 470 
 426 987 716 385 175 381 508 
 370 279 790 503 145 967 54 
 724 798 622 25 278 319 93 
 629 236 203 70 410 441 905 
 655 452 924 730 355 681 664 
 950 212 
 2 281 882 914 652 659 733 
 553 693 747 997 535 701 170 
 236 921 130 428 553 520 633 
 941 440 959 349 318 153 529 
 601 122 145 820 101 660 867 
 928 923 52 533 550 750 525 
 98 600 271 624 794 69 368 
 134 963 641 68 952 270 597 
 277 7 666 508 179 83 425 
 681 653 788 989 993 649 929 
 952 492 643 203 773 715 512 
 25 698 432 775 234 154 360 
 28 268 205 98 420 416 846 
 292 304 90 512 833 705 977 
 255 525 
 872 394 735 740 91 21 272 
 518 886 540 452 964 319 7 
 958 350 976 1 851 652 802 
 136 685 89 14 935 387 678 
 915 243 322 916 783 32 818 
 943 654 457 257 322 315 426 
 520 743 273 901 855 956 368 
 510 777 972 752 463 518 155 
 343 499 837 206 707 468 494 
 998 30 746 401 715 964 322 
 273 952 638 882 933 674 284 
 765 436 264 812 476 582 434 
 437 558 795 881 242 909 68 
 539 879 465 651 114 253 993 
 483 657 
 957 893 975 742 687 732 916 
 790 232 150 942 643 908 593 
 363 238 97 517 913 709 119 
 382 625 851 233 988 624 354 
 708 476 793 569 642 620 436 
 701 214 49 261 481 909 705 
 724 365 409 880 480 944 276 
 603 851 518 70 381 243 447 
 479 421 590 245 644 988 555 
 771 634 47 72 813 891 457 
 487 196 875 317 552 215 521 
 599 324 704 591 16 999 931 
 880 923 995 223 563 82 372 
 290 764 568 792 247 317 493 
 714 574 
 383 363 611 279 531 739 303 
 183 910 102 481 30 496 53 
 862 782 555 807 377 203 572 
 926 908 739 692 808 489 804 
 915 70 540 456 273 727 681 
 666 579 658 740 542 927 989 
 636 26 985 249 823 645 257 
 617 685 235 595 607 780 582 
 740 853 894 612 724 899 676 
 371 833 526 240 885 797 162 
 269 700 381 413 136 923 889 
 772 147 74 137 258 246 527 
 94 413 452 485 212 630 822 
 662 881 731 58 743 791 287 
 97 56 
 13653 12041 12159 12833 12701 12121 12806 
 13888 13915 13493 
 100 10 0 
 851 727 473 964 772 607 852 
 850 521 855 1121 670 1114 874 
 1035 919 643 934 733 919 611 
 458 688 880 618 895 858 653 
 777 522 684 412 527 876 615 
 879 870 977 648 742 416 792 
 579 943 794 832 810 651 799 
 786 1015 696 800 601 744 674 
 912 977 614 762 470 745 574 
 648 807 903 678 1092 651 700 
 471 826 535 586 675 853 599 
 930 589 620 832 825 498 720 
 936 712 762 858 773 689 901 
 873 321 582 529 535 609 529 
 744 972 
 867 10 395 982 889 789 495 
 725 807 287 588 462 856 980 
 678 987 160 368 197 8 411 
 887 671 544 301 868 846 99 
 681 466 506 537 78 820 125 
 589 100 366 521 810 330 632 
 857 718 326 453 26 649 337 
 7 216 355 200 376 239 969 
 770 481 264 894 618 667 136 
 473 860 919 487 994 232 198 
 117 500 160 159 69 594 656 
 76 511 65 138 715 766 921 
 519 301 902 818 366 529 227 
 312 172 934 354 519 911 250 
 672 646 
 314 862 12 411 31 797 94 
 513 512 544 756 36 988 980 
 672 680 706 822 827 813 167 
 331 320 227 463 466 144 197 
 309 238 137 279 755 333 510 
 671 905 954 533 29 933 186 
 338 801 694 768 790 969 704 
 962 527 184 479 456 927 333 
 380 559 836 537 128 930 602 
 294 36 755 866 79 892 893 
 17 212 727 337 873 114 288 
 602 704 948 761 217 162 908 
 292 559 927 920 186 446 404 
 244 127 86 514 683 172 673 
 913 485 
 98 126 675 335 543 894 928 
 934 26 551 493 673 430 715 
 771 865 520 544 697 634 681 
 62 473 766 987 323 891 494 
 787 335 131 408 546 718 131 
 191 99 224 185 197 549 705 
 38 256 870 290 812 984 299 
 636 108 716 737 672 778 528 
 610 737 938 439 273 83 648 
 112 717 516 40 698 189 863 
 433 46 487 472 947 169 544 
 867 314 631 683 539 834 534 
 298 779 705 928 358 510 898 
 286 166 272 239 604 9 920 
 788 673 
 908 212 115 907 394 275 91 
 780 222 616 728 687 954 580 
 273 49 381 288 980 879 974 
 77 41 931 771 579 257 334 
 48 348 556 220 424 910 85 
 874 277 90 839 745 512 569 
 148 936 78 567 89 43 841 
 734 283 197 730 187 368 94 
 463 391 469 492 913 533 259 
 803 513 462 8 557 832 678 
 359 616 324 924 15 978 713 
 861 444 429 70 821 104 746 
 514 378 143 622 690 489 60 
 784 68 461 71 550 488 3 
 268 538 
 979 583 10 768 411 52 184 
 85 203 373 296 478 300 726 
 880 830 207 202 893 957 508 
 595 790 816 505 435 897 341 
 732 678 288 75 559 131 721 
 707 598 22 857 272 346 263 
 798 288 67 721 630 960 143 
 762 643 130 509 829 67 245 
 832 312 977 256 933 958 981 
 238 331 972 148 528 244 5 
 184 997 631 317 901 314 515 
 12 785 930 44 714 448 300 
 590 709 714 399 418 195 974 
 663 155 787 299 4 47 770 
 211 918 
 549 638 357 763 3 492 822 
 140 325 978 888 971 157 499 
 862 453 22 694 132 119 550 
 509 353 57 230 206 609 93 
 147 204 325 159 322 427 290 
 745 93 910 505 406 16 160 
 899 290 882 572 163 699 76 
 406 673 451 436 693 74 760 
 830 263 928 737 223 43 939 
 657 369 348 469 865 989 866 
 926 647 644 40 124 73 772 
 478 431 207 403 101 264 420 
 508 508 128 986 700 333 152 
 840 627 70 996 413 644 240 
 30 250 
 467 513 324 225 105 194 281 
 14 673 240 244 42 952 739 
 482 562 654 961 468 777 887 
 496 57 818 864 85 937 788 
 330 111 759 539 224 786 668 
 858 904 669 435 251 283 971 
 440 858 980 145 551 317 683 
 148 846 763 279 768 762 63 
 893 977 234 964 523 674 318 
 581 946 638 957 628 311 913 
 65 894 57 30 820 136 352 
 615 574 940 858 414 277 938 
 836 263 572 943 594 113 855 
 22 87 272 715 433 243 340 
 689 437 
 208 543 532 568 603 865 751 
 20 699 76 1000 593 899 423 
 738 420 822 330 670 266 375 
 718 495 330 958 418 376 893 
 410 413 854 550 242 574 308 
 802 753 405 98 942 261 624 
 461 179 678 85 237 154 342 
 419 585 119 725 263 419 152 
 913 791 371 274 200 464 244 
 128 437 959 513 938 796 665 
 453 694 350 756 469 114 827 
 634 814 677 35 450 261 32 
 658 236 851 112 31 471 885 
 24 819 581 381 385 354 281 
 146 761 
 171 678 207 964 582 671 879 
 253 130 854 468 651 381 741 
 754 276 880 214 46 426 464 
 243 981 175 397 709 511 130 
 391 61 856 727 541 27 714 
 728 646 434 196 198 60 776 
 768 333 468 479 535 98 478 
 557 757 366 204 987 604 895 
 284 271 218 67 22 986 402 
 876 29 313 355 394 69 812 
 571 987 312 521 241 571 384 
 86 421 956 68 872 1000 635 
 547 822 114 400 754 12 512 
 956 22 144 658 616 904 687 
 549 889 
 147 206 37 710 38 456 680 
 573 594 850 876 816 418 855 
 518 227 326 732 447 810 534 
 459 967 453 239 792 446 171 
 431 622 670 271 552 719 506 
 357 774 733 909 907 96 995 
 243 87 985 219 392 261 284 
 638 722 293 41 693 887 270 
 361 354 398 437 795 69 127 
 491 28 87 2 433 817 593 
 480 733 500 378 283 922 680 
 691 358 216 629 627 404 457 
 145 41 610 14 613 188 332 
 285 403 68 360 788 88 215 
 196 186 
 12580 12919 12964 11745 12501 11434 13295 
 12220 12257 11454 